$ANSIBLE_VAULT;1.1;AES256
31643638633532356239613938633063623963646432643561393436666230366537646433633765
6465613862323732333364356566373638346234373961330a616139313564643466623637636535
66316337333236336538396435396634663838393538643933326532643261393237393061393839
3533303739623863620a616362633261326437386362386565333833613339626631326131313436
64623034396261666536656431373962613264666438323233343630393837333833333664313839
65373933353231663936313838393065373936333234373630366430323065663566646361343866
33613432303865326535323864393138653334326231313730323630663565656436303137376436
65633139376463666139336436653763626239393461306130396330666537363135323765353732
32313361366631343636323361653933386265393866393061643233383032666136666466366530
33643936373863396665306261333631373062396338313861613732363531356232376563376438
38303666636232383133653139346264656434343662336334396332353338613737623439303461
35393163353439663666303337356336363664353738623765353865626637666236613437623536
63656265646339366533613637363833623731663631393436336135393739633630626464666132
34376565363962363434343865343932316462356362613833353436613061353562656138336231
62326139333038663762653661303132663466646335666630313232666135323861643566356331
37666365333765663166346137613537643737613761616165313831613338383265643866636336
36353133623365386230653264313166366366323737623031393833373436393834373437353264
34343764623861313539626330323737653961366366653433313636653230316232653836613865
61303232376162383363353832373330353437343265343130303331316332346630396464396661
36623562313530386632396266323431633937316664383764353931356663343031396635373138
64303631623235343138623232323939656139626533636461383336643739663339613062396566
66323165616430396262333932373331333035666361373965313930656362663236363462343363
33653536663232626664663164653762363762633430303231326633656133393636346539376266
62613964343032646534373933656133306466316164316638373766343833363333663466653062
61313931376365376132376637623362396531393761633962616636643833613664393961313439
37396432653631366238646237666462623838336630326362373262353035383131373732633634
36343864316335383739333662386237333331313032393863316462663036393365363932356663
37376333393662646239356239396132363466623532353733633764646264326237633262633964
38326164343266656630646630396536313364316361326531663734666430646330656230366232
33313131373866633433343763626433663538386163613239363832373032393862326665653239
35306632663131326465613335643533316264333039653039316563373662636338373533646432
37633634643832363030653139623134663761333637643832393231613965326262383163333935
31383063613234353461366632313162393066336231356663303065643465636234373733363163
37633839376432663465356132316231303063346439393464663732643061653461643336343339
66666263383762313564326661316530393965343730333761643138616433373666653430383631
36646434656466623062343161323133393461356330616230396234363865336464393931306165
31646562346432393464383139336639613363376337393033326663316632663234343865303738
36363435663663623030316234663761623061306535623836626239636266376233643634646236
38643263633535343865383231336536396266303561386631613037393033663465633766653032
38656535666563396230336539396535313164653634376563333832613831656239646530326364
63613933616266393466323236386666633738366564363332616438646261383033366665323164
66313239393137366630623233363463376461663532633734303432653062313061646139333331
37363535326561616166663038623338383464333132343039303535393033623565363662333833
63376137306633326561633731636164383338366431303537366661613737343539663633313133
31353464613537336565393365333764343862303334343734656665356230643833616463346665
39653865643135356564383131663963653438346137666431643038373239323936313637323464
39313463666532643837383037323162383965316261663339306264396537633336313938613439
35643636623534393631383266316665666437656362303931363566643736623565313533633462
30636434643239393063363837323733383031316435326464633539383262383330646238393437
62643032306134356230653065653932303965313233373166636634343034326138336362396233
31333530393736393737626631326264303534633761633962333165353937623963303838623435
37373261333063316633303661666434396261666332323262666230376266323035383136633566
30323633363432386137626639343765613936643138353836353734323538623635346132366662
33356564616561383532373165373831383734616430613134393562376434356635373832313035
35393663636237613736666332616138303063373036623266373034663335626430663332333262
62393234636361303035333033353235653938613539643864643833396637376335373536343261
39373466666363393735663961633561383464666238383538383133616138636630306435313632
64363937653730373434663430666464636137386563653766353839393831663539326436333730
64653732386638316262306332303563316639326638323965323264303836363332626432333430
64343530343433643333373862353064353536373038323866386438316139646162376535373234
3433
