$ANSIBLE_VAULT;1.1;AES256
61633636313964343763393730343934633032383437386535383565343632323163313537383039
6563353963656539633834373833313636623731663161380a383532313638316234386235333662
36613166356136383464663034306432396136383431643935373531356561346132313933393533
3735303131643631370a663137623565376431306639333630663661363035346631356330643535
39623932636435663064666239353934396161663366653937633139613331373533623836346238
61353666663931363632633864643332366433323437303136623033666634663633623861613430
31313537306562306461323837306665383938316361356439373337336364326433623737313035
38333533656665633130383235396332343434633732383061663134316631613364343164333433
36393333643339633831393364386166386330346461623130626563356330663338633639353966
37326434643662633730336461393663383565323064353465373862313539623234376436653138
39393739613564396430396530316538643633366430623938343937303062316433383031643732
38636662643064613664336263393763323566373231346661643665653436373965303031353933
34646165616531353732646638636461383264313538303832323337323130353138346139363730
34616434626433643030333564636364373265633532316330313230316130633966633066623230
39653164306262613064623632333639346162323463623133326339323239613438336161373930
31303566633434306336373939343336393136323233356538373433633261366639343566303466
65666431303231366536626134313038656232373235653236323834616532303837366463396532
32666165663030343333306666356539366266323636303433323536613664306434303665333962
38316637626636343632633237366537333338643564323234396562376664313132626232663833
32373263303830653862616664643632373036653566306333633537626339323630313131653266
36376565626339316435303439383931346233363539643437613833353661306161643365636266
35386539333464646362656164376536656336366631376638323165316436336535396130396230
65613563646631343031353264356138326564353031333463313761623231656436636233653533
35373662356465363462613631356636636366633238363934636166656635653130643834663163
63363861663833316238353865316138613531626661396162643634306162646131623537326637
35336537666239333932383662386433643066383638316439393838343835636230336665396236
38383864633132376465636164616564633433333163663231623734363632313034666131343631
64363732353238323963653932323136363062666564346566373239633639336233333838363231
62613534316331323332616138343833333533306362326436306431633834343965656330363463
35656537373431366565346563373663363139383833653735663134616534646636366630303065
65363431633865383935373261636564316166353362356263393762336235623134306666333832
64316537613731643530383765393933666632383432333437393164333965613234653233646334
64643461383863393233666134623266393833303531333238346330383965333936643062373537
63313561646639363833353432623831363438646533353964383432393637336436653336303332
37373335333434643163616132323362383437363864363732333832666435373530343432633135
32333563373732303635353232396335613364313161636462666332326339623837313736306362
64373438623062363130326236663430333335646232363765313839633138333664363535313665
63643366616538386366383239616164643333316339313437346139346263616330306635376435
32323233643861373238313066616133326234386165386165653264666630626266636239363335
30613731646538316465396434353766376336623264363635383335656461353464373866663238
32376639323930663063303939326663373866306163616439613532376638653834353738393933
34363965633665336236633131353537366237616136343737373632356138386236386338366163
66346232373164313833363936356263303935383231343666343564316164386666656666663530
39636563643861373162346164613439353262656364333566643539323761303763613963626263
39316233393639653936383466613035346138666338316239356330306163356334376536386265
35396661653861393237643830306333383734303437343266373963316435396633613936323864
65636366316462663033303333326264623931613731613032623266376533383338353234363635
38656633303561346636313163666561383438303630343565336363343336333135366639323838
36366439653564316465663164636361636534356636646366616536366133663765393366373135
65666230336663666462643834313431323037626565653333626530396533313866613732623064
37633133333638323531363535636638353434646333346338633566316361646336616261396532
63633936613235643133366638393930316162656535386463663436323134343034333265356363
61306166633531393731313966343235323865373666333836383565623738376130306134666238
38623064396230353037376163396439373134363634363832356635346463383338376235366130
61373465393531343734633063346666643935633962636231326431333238376663666163346230
65326334663737306434373066386265363033356665623662333132626564333939623032383932
66333538353163343363666630663861353962343532383030653430636331623966303838306264
36656663303964643633393263636335623632393739313066396638356439366634653763363332
32636465346264316566396136303765663535333532633761616134316535353234303262633036
62623236666430636133313232393133366337383536363832373935323663613062393965663735
66363430666230333637616666393134346437336430316238613130393262383762323334643238
36386534393136636630386365613431373462323138313966356166383131323835393862613165
64353138353331613665656137393963656637626564356233656634313132616632646366363362
61643461326136353937633138333362356238333864303036626137666165336462376631653861
31636363313164653561393632343134356238343638343961363430343165383533303663636230
62363933633562643536633237333339643364633433323731633435363262666266653066306430
32313466663736633233653238656661376462623436303034386439353734363230313866656235
35363932663566336537303634393231353162333866396162313066633835336231383365323930
61343662373466356363363262373836666163303038363030313335653036343232363938626666
30353963353464646466636539373261313434656263653766316163323939383738333035323439
35356237623734666161323038663333323663663232643733653432626234633364623866346538
39376237623133666538346338613331343762366333383135343461306366643334613239373234
38373131316662623135643962383464663939653435343038353763626539336461623464306336
36346532646539323566646436316537303833636637656436386134333430396535316231633935
66366633393231313037616430633433633562636562376138643039616233383135373536333230
33356662613639656566323361643566356338343535626235616132336338636530303134336636
61656664613139363931633564373532326132343830663564356265623639353732613530363830
30626234323036396631333736633439343933303532343333336465663764383338646337313562
64313862353132343462303832363434373630393163353366316331623232386439376665396135
37303034353036343834396662313936316635383439373661316462323830643662626266666232
64316237306339353030393364363832623163656566626232623637323232343136633232623231
64626237363234653732373831313337333464376135393630386466643663383033353839306264
61323563343533363333323266326335343766623862366638333438323232626333653433353033
64313362313265626662333138333032386230646462626332346335306338313662383066383766
30303762383462343965613132313136313166373266313534633265363736633838333366353135
38666434363730636530353237663961623032343561356263323838356331313431363438363563
37306332316163623830636363613635366438333330356138353830663734363734376138393862
38663036376163333139353132336165393536653662363164646534306334313466323036666564
31383638356365383433636631326535376331633366363433636564643236613533616437396135
64653732363832383839346365343735333532656461373635323464396461643430613739316363
34653233336361386363656261393738343761376635303832313434636537326466656635393834
36346531346363353338386539376663313766633634353164323864303331346431376632336464
35383565306362616166336635353730656236656330336264333036636239326664383138306538
30396538303237623336363337663136666535386535393338363732383463313161343835316234
66306231623463326439653462623734646134373639326431653938313632333266303632393034
61626539633632343338313363396665643434376138623930323231643362613736336534376133
30636161333731343266646162626338623332633635653331653037313264623131356463353661
30653662373961353265333264633565336235323332616634316636636435373033306636376332
63333562383131306136626430383235633661373535343532326334623835353639353534383066
39383133353866666338303532393630383839303135343638333233666539376539336564656638
39373364633463666261616632383839373863643766643434666666376665663339306436333435
65653464626134623065313033663763323431626638613138663230343036643039643432336438
33393831313462323234666661396664396635623634666237343230376539306162323633313338
64376334646461626130396664626164616363623934336134633834613639623334646564353164
39333638616362616631373663373938383338313039383231356634643063653561346662333835
61343065613865353639383766383064643164386637333066383439666333666536623935656261
38323132326163353431643331663766653533366639376263613964386237343863323662663365
31346138393962313566653230373530656130663930323330643562383331343734353664346439
30653035316162363563643134626530383833623363393430623536616330636662393064663038
61346230316631663032623933386163646662396165343538626264356236306165653765656131
36393935303464383535323131663961363236643262303038613032363836633439336266633665
64373035306361303039376435393266366166623934636661373335386138323835363766646139
66333736386132386566353563356630393335393535656136363964616133633036636535616239
31623662373732313064343838316436343866363261623363386231373465636634363935613664
31306365313233363564303165663761306333653035623164383464353234623134363964356336
61343532393165643337346564626365656335663534656636396236393031653537353835396338
31356137623331353739616534653135393433626433646638396338356334396665383938663238
30383333643535336666616432363339313333323337343861373732376165363730303330656263
62643531356337303263333866343632393039376565373835613164376333303631316437623461
31363265643431353934646437313731343462353136333166383364363061633861613861633261
63353165333832646462366465613437336434323664316238613264373635356363373261376535
36616432323966363235373431656230643133613362303131356632353431356564636561313334
37316566626236663937343935346635353239336661356639326361373361643230303936353163
33663735343439326262646236653039643638353764653335626230643263383739363933653835
63373536613334643035626261386530343536613465323764323736623737326436306235653462
36386133633831363031366463626235373732663333306562393365303133353438383036373336
63316531303538613564386561623134663837336366336234633965356534633436666533326465
39346236616538386534643761373765643332663330393563303339633935333462363861343435
38666361636339393861363436393162653866653165386537643063303465336430353463343562
33613163623364313737653534633639363532333361316539343663386265386531613436303662
66333363396363636430373866643634666336666364356132343236326133363564376365643361
35383632396537336538346633653765313766336634663762383637366635656437393735373030
32303161316266343439323532656265366236333761396165326634343632303264393738396637
39393431666335656138353336636539346533653834363138393435393163643863386463393035
31393462666339636236646232346162376239303732353939623834623063383633386165383834
35613266346165643138383164656139303662313463663863303966363939313332623561663936
39303466343335356365366161633537613936623763333637633032643262383665363463656364
30616532653666333765303839366230393331616331316161353665393134656364356266353738
66663230383434643163316234653035313136643730376664313333316163316362336236326238
62363962376263633561333231643865613436323862653236383734396633326162656462653165
31616434386365616236383433646561653731306662653533323361306234373266336630323761
63393866316566346339666139313162613166356531643037323333353530633062623466326263
33336336333534366434366533633730633466663239333837316532306334383631346666336633
61303238663631656336343832343833323834623062323339306335666463323062663839363532
30396137663239356165623561613332646636326162393335336331316431363664376166383962
66666362346466643864376163353564636632393434613462393132313163386461666666623931
64343936653265333839326436376263663435653933353034343865316434666232383862393130
62373765656662663331313634636564303666666135303334643730323333353061363666633536
36393566363830376564663735316234616330366335663163323632303437373939633666303036
36323034326439643837303532343636386437353530623039383462316337356363383234363861
62656536626661313330353631623265313862326333663230653565323431623835353361303638
37363834306436316335366538633236633032633161383463363038383561626238336166313339
36376161646333356632356566346132646538373364323134626661363436383764326132393336
32313435616366346361313365323133643437306431323138666666316638343435346161373434
37353630323135636363323036626538623232626530656565343465633263653531633532303165
33616439633432396133623563366232373932396165303535666631333634316438343564626364
35646162323337356663396137643033303235636461306439363036326265316663373263346364
30346565303165626165633436613536373862633335383134633463326430633130646538313861
37623662336264646636613738366364373863363030316132323331613664386333343930316365
31653564646237613238383336323639353436363337346432616333656634343230316464313537
32636161326665316332633335316465393461396264306263323864313166353537366137373530
31646665613361363261363763656263656633623666613264623032323931313832346166633532
32636262313163313037653162636664303863653438353264393161303261306639346563383033
32646163336162626566633266326261383837376638316264373236613066353662373837336238
37336638343133333139643538666366366437393062323565333133306635653037653439643135
63386365643832306532633533363865323035303662303438656562323737643536373863353266
61626439636562386139646666623563613364626463326661666161353332343138363139656135
37343039643833303161343939623866663936666263663736316330383938613761613034633235
66633938613764316338303263306162323231353264613566613965653766356564633966373266
32626561313461626236346131396462653966653937316239636262353935333435343861383937
33376630356137363738383933653131326138656165356165333233313238366363303166333464
33646430643135303031346136306266386165383239666234353361653837373264323336373836
34623366346138643432313335653238306662366661633566346565343564363932643332353232
34366561393933613935633030616636313334363966653234356561663566356630333039653436
39636431386638303165623162656637376433303862623637653566626436616662303736313936
33623165646139333065346137383239303866366130653137653066636566366333376565333430
32616635636366303730363934376635383134313832643763636337326633346133393834353439
30356337396330323237656665306139353033343635303038613532653838323438363336393237
35663432356162336530346430326562376235383435626539643365333435343136316236333832
66346364323131623433636535626431343564373766326361666263623131636535366461303862
64303365396363633162326538363564656634373235383762646232373638616138326135323732
34626139353135646132343137663339623932373030316632313263396563316135616562656234
37383332333139326466633933323064613535393432303364613162646339363862626632333236
66386231663932626335386139643334623138373466356661323662376131343330353336653561
30636538623865343632373162373264376366656364386461626630656533393362643566613065
39383661656638393663653432666632343865383062363466366462393165633231373262306530
32396363383037653166316537333436353936643631313862636636343931613033656334373032
35323030336164353237316634653364646531326138616664653039656330326130626634326565
38333965383531353634366363306665333035383333346661316234396638323831613730616663
37346433383763663238663937363136616262613038383830353330626164366231383466376365
37656234356135373435376332346532636461656238333939633664646337613264356262313530
63333230626166643731383864643230363565363534303135353163643963323561623133373265
31373834396338653838346365346135636566636139313463373464376666666565306630613033
62373735616634613134323437356430396537353261326161616433383538383738633861346365
61363761336665363630323935373864613165393934333666646264656362393439643161306461
39656136633237393837646264396264356435373162393239613362366537623065303830313861
66653230633966343939643032346230633036653765343839363330623661326132363532313331
34386133383134343131353737653534333062363762343337333264343437303834383961343833
37323132353530343132623665663038626333396264646438343336636561323061623839353664
35623530646161386266356133383432306162633935626137373738333137333131353437633335
61666137643535356535356339386339393663303033666432316430663263353563633434356335
61326537303535616132383363613431646336373633663138646136643236336130363338663263
33326663326664363539323461323332643331613939613235656163393433633061363538623538
64613961306630633765386535616161363232313836376535383730366137313834643335666131
32386164383864306364666637633265396539336364353639666363353665353531333339373832
35353761386639313733636562383938333136383230333338653166623631626534336566633733
31633035343231396466346161653531336436666638396532663861373064666130303865376335
32643366633931613630306137346163613232633135613833636136303764616533646564653863
39323631343839326238666332356363333033306464613362666439646139636530386565333463
30373166326630303337623433633932386539633635303661366332343036613863316436323431
39306135336138303136306430313166376439363336383334303665613264333732366135303163
37613130333431376565336531346563646264346430616337363039353766336632653432666136
34346539386531313639316166363635353536343364616261646265663133653565386330316437
38646566343966643531373736396265373861653664643934313439386466373564613238323638
31373137633335646632333839623964316163326361383066303330353762666538393937333161
62313165653963643064
