$ANSIBLE_VAULT;1.1;AES256
33353763333435313831366462393431353661663938323362636163303436613365346339366435
3830333132656336653232396466393733656662386631340a666462353434646461656637653064
39373662623831313264366462303634376364626138626232333533316533316431386237623238
6334306630646661340a306437386533613536303433353564353765303139373130326437613065
37636464636636326636656435616438313435623433376635613137303630383431336130313162
37393864353566346538346436393631646264616530636435306332373835616633666161613334
36376433633838353861316331356562393064346563366138323733303837653963653832353132
36623331383166663938393966363862363265623965656464373837336633663338633965323239
65373934353465306264643339313330313532336566356561376135633365326466373035373064
36346264306339626333666130626162656633653263643734343161626233643836396266303364
33356136616237333735666231313436643363363031386436663930393131326162383230353863
34353163316565326438643233613331313632663962343037313333396636383164616665613037
63633866313239343461386564613232616531386365666162383130623562316635323766623436
30346534346239396435623136363537353762373733393863346433363439653432366431323532
31353935353662323863333766396364383431316339646536636539643533363463303562356139
63323438393835356164363561663831326133623236303336303937623765666364363165613036
36646630336663646334616132393337323630666339363231646435303963396233633336353261
35386161653137363639373462613461393030373935396461346630366539656464303532343734
39393534343764643437663135373837643963656634343562666461333131313331633364326438
35316238663464613261316438363465633661346434386366636365633634373665346132666361
33303166363630363139386330386261323233383335656463656132356363643731346430316163
31616134336635383437306263313530643237323538633562333666326661333063653338333232
38356464346163636430313462633933393766353239643836653263656661623961616430303537
38386438626665613239373433306133383634323737393361653733316362383539643733303864
63386262646337326461663638303634623365383431663536363036303263323630383839643936
33653138363461356263363133633162303562333561386136316439383931663366373434393361
63663763636137336361393331383863383939646261613137613361613235616664373132343162
66333434323631313936356365386666613665383663613032393433373363656234653665353366
65633039306139356666393332613435343538343433326434666363336439613132356632613638
61306633306233333238613531373135663630313166313537356462623738366532313362353937
30623237313461663337396430336463393661616362633466333961363535636163353939316130
39613261363863633734323261383832386536636131356163313763643864643331393364396330
66666362646435383261386565323735343531393633356533643464316166656531626139346434
33633465343437613964636634333139303366396632373935646664663732333935633737346163
32316163663161366661663036623231313830303635396461326661343366386665353564313431
37363032373239366566396564333138313637346164653764643833663761363232323638666266
65343339333835343830633863343937633835373939386632303066623864396162343333633865
61616435373061336464653038373233656235316533613463626136623131623966626532653361
64646164613631646333656239663061633337396231366434643761376437616535653065646332
64373833393532386261303162363561326363656365323938323237623030323830626631393036
30663538356331323331633961393661306336323033353938386133653262316432373334346464
36656331623265376339363338663066613934616237366132656637353461303634373931623065
66313539366465346236326433323663643933383934373336333263363033376166376334343366
35356332313761393938633032303436373934643266626532666166356466376136376230343535
35373539376638303737353934623062663935353435623735636432363737336263663361303134
33626632353133386239323365353035623334616333373338616538623530373932353039303030
38626137376632353466656533303435316362316236386561303664376462626661633835663366
61663765663465323639663465373536613531386662353535616135366263653761306138313033
32633932643964316164326665663166666566393662373137616365353031383561323935336264
66343237653262393230613462366432303038386633373863393739633436343636613330313038
31643734373233636538383630326135396536633734373530636432623431653736653639613131
62653135643766626566616665393832623833313462656235666663333434396437373335626231
36313261613631633831376638663164386361663135346234336331303937656234653434623939
34373639306565323932356135373231663965613538636638353339376637326662326533383635
37363338316539383766373338353463333438363666356331633434623937363264643839353165
37376137616433373238356266643336633831623439613235333835663633363161636365383166
34306236303034373632626636383837613961393532303164313930623936643362643066633535
36373437633063383661323437313831393230373933623664313965373230306636613730343436
34623939663864303435363261353338393738313334366438653130383733373762643632303363
61333962653461643033316664656666613731343638626561376566333037323533663766363433
38373631333364393862613863313435343638663232386262313030353431663164353738336136
65643533623666666663373334653033373236623934653961313139633430316232323861303861
65376333383062393262333435623833636231336265663535316666663364353034323162643065
30386630663765653233386232383263333466306338666639373766363836356131313063316432
34356630336539396139366635316562343165616636626236346338326265323662363764326335
64353063616562353339316637613566636565613239346364623839633830316433386132313436
30323634636232353636356436343663663264373963343661663133303230363531653637623536
34613538653637656538343839646439613833613436646461623661333739366635663661626665
66393837653563386166353461626161653733343564316338396235373431613330333035656130
63646566313337313732353231396231353537363633643936643364366564623964353438313533
34623634313731363764366162623865646230613632353835383862646230346665386161653736
30323038346432636239333161613331656139313438383963386463373138656135396133653833
35323561356332366664623864346437323562643930663934363538643261316634393562316639
33613738636364623365393634643562313131363931643332306364306335643961353832313434
37313635396532363866633631323035373365393435653063623661323762333563373537663036
32663662666539313439393466656639646364393034363861323237333230373463373035363465
62353663363134646236313035643536303436386539356630353564616537373031306565353061
30386336613638356265393933653162323863656135343338306362626636313331663465663238
64363437353063353539323331343735333266663662663839623137316665633233653336316231
36326639623830333965376262313862663831366431663933643734356133323266623233363962
36383238356666363035343933346335613137633033616131313863326639353232323338313562
32373131323464626365623133383837613263373665343233623530376633306365626365373931
62336432323130313039623863356464653366323837663961323934636361636336626135313333
36323965613334663735343033646430373332303535626262326632373664613963643837643938
66376538333931333534326136323837363666393033316162386533663630366264623365366338
32656363393030353732363931386236666361316233383936323365623537393238636431346235
62386539643939633166383236653138353632363961663265363438663166363837666565343631
33376535396430396165643062653630383463396337653665316561653365353034653735646661
63656463633665666136346165343339383431653963393237663335316538383838343332653638
33623466633063626365316135383934656335343162343338313433306264663762363966356437
35313139643263343139306232636264333835346266336263356136396461386262373931316461
33356137326661313166646664363836666364316435323131613030333334326138626363313538
64323039323733373034323133306632643863346461616565646166613562616565396263663538
64363236613865336336336235343138343232663134613734666538356437343235623930383231
37643366626434386538303662643062653064316265393964306132643165373539333631623166
63343037663531333765626365663431663566623839633831356335646561623062643763383434
66623431623430643061333235633361383135616132646536343531363937356364393933353934
64613739633930323664363738336234326134623538376530393264333432373862623063326662
37356135643834373431363938326239613265383165373833336464313338366265626461303434
35316263633735316163333233646561393935303137343534633861336266643361356565353365
61323236306234613137643361383630373431623535303738643862376432323565313032366331
62666465396534396233626430653864653037653436646239393362623333376631356266643564
32346435316234373139626630613136353131383539323939323336346230353866653432343137
63303138366536613937393134663835343964656666646538386137393038373131316234323237
62383963313330386564383036323432386361356537636234646562323539333666353662613961
61366130613966373463643839666633623236303935666431376233616565373231373738336230
30663330346638656261353063313039333831653234326530316361393665663039323263343934
36363935643032656537663261333631663333633265636536623139623030323462653537643031
64373861396233373335643832663732306633663765336334356666353736646666373836656564
37363966353731626638636635373035633831633064663431666634343661386663383136346662
38636563663563656463333733386366333335623433306634313934373331303662343461616233
38663164663432386331343462613863663562356138356237613936646236653663306464653734
35643333613665383737613932383936346163303761356465386432346432303062663232326333
34633033656331643163623364333064303465343531636133663335393230346262336233333564
66653063396630366163393761373235643532643433396462663535303237316662376162376330
37653433323133383736313437313464383434633832353432663762623839653162623264323938
37303464643836323830393833626466366362373537313463363839396431393661313539376430
65383938393662343633383636363736666365383239626632653638316162383437386663366333
35366463303866653832316664393130333532313461666165303366366135376631616263353461
30386236323533376466313162633766663235323633316337383331373736616464386564333962
65663830616161643331633734326638616530343039343761373038353965623035333133613164
61643033383835303836306632646539666430643732613632666636363937313364633965663961
32326163613261376238616565313434383862396131396662313430656238316238333631656566
63356439363862633964643332666638343137636665653534613638363635626132646437366632
34353739633663343434656235366338326666623234366562643937646630636637376164613835
64396331333264666136656564646665376338386135393266643863323736613466343831653266
66613431666536336436616462313765616239366132636136643539306561626134656539303338
61316239633966356430303161356632396234313030366165393266343334363631343337356261
34633561653366386332313232336633623563336636633739633266653562343338353562376637
35313937646230363031356535376561333139666265653966346566386437616365663938633137
36333531313638376463366438373533626662333537653033363938653736663031396632343039
34323530373162613239663232303430343966353738326638666130333233623138633264333566
31373763653938646133663230313431626162383565373265653138646432623135636335333933
66613739373163353961343136333831616630643063633462306665333436666632373661326335
34633666643966666163383063393062306531613765313736393530353263633032633736323763
31303734613466666332663230353434653734613439656633396537656132376131643361623134
33633164633761613833646264313665376138393330373463633037666335643039326635346663
31633866373937343561386636656232353662393161323735616636303566363532653830343432
63613264353166353335363235306265346464383433313035643336353361393338613034643665
63653364633639666630373632623635343732623137313230613436616534326238396431383032
61616232373264653866653265623037323236656465306364303133313530393939373766313662
33343539623730383632313230396634663830343239613332303662353436316135366134323037
33326264353239333237323233366234333037633066636166316635663232373562376331323364
37646564346531613435633066613061323665313039343733656334636433373639376165383630
36373363363030376139363564363733393030643033363764653035613762613261643364643763
65346130613835356332303066373930396563326262343861383639646632363561356666636261
39386164613135333834316134343966633063333837393661633836396662633662356364323163
65633935373166646134393436393136393764323962353962653538366636343232636664346233
36396430316261613063653463643937353262313736653033643537623735383661346365643531
36643365633732353531306265306539643036623531386163636130333130333765653537633866
37663666323435663838366336353337373134363433653266653864383136353266363066356464
37623336383336356331643162316466626434663763336365313438363735316539346536343433
39383333623663666636316630633166666563343465616334366364376565653639313635373462
61646537636331343934656262393236323031663436633564316663326566633739613563386264
64363730336238393136626338393039393566383032393234333839356566363630326638626436
62346338626461326333636261333061393634643564316334396236656634326661306566353633
31623166346262343233343434323664626166643065616663636331386333653562376437396461
65626262393031653337316366653632353961373365376535656564316630663264343835646135
36376435343664316639633034653431633832333638643664626365333735646131633036666532
38643235643931613738303333616432633736663862656237363761623761663831396237343062
65616662623238616636656636373136616561636365363739376538366437373232353064666364
30623863353363303530383136323064306530383737653839646661363662643036303337663231
62613362666365316166343063646665303962363434366165636530353062393436656530356261
36326537613133666538316531306434663761666533656263356461393336383264663732313065
64633933363561323665313930396632393737623862363136666361643037323033396136323730
38386630643733336430666264353566323061336239313764323934363666376532396666363735
66383832396661333637613364353566383263643763386336613264633562636535393639623338
33666466653230623337643465366436366361336465326631333530326639633338336538353539
34343531303064646562633466366538643665616438383931636437356638643035316638656638
36303465316366323961633065343937386461633531346361613661343639386339666263336562
38323864336663623366313264353463656439616532303835396164323161623632333666646431
62356632666135333264626639396531656661303836346339623966616231633061316630636539
35393065623462303038646636313038323965643635336130376361653438656266653435613331
35333730333932663736343633363034356461346233636263333263636332363239636362613535
65326263626662653233376266313434613866313662333430666262366435373731383063626230
33653634643233653262306561316533626635643834346536306139346161653035653933646139
33376431313737316133363164333334336231353731623631623834656163303232646635656664
32333432316538336634313562626336396164616631646262346637386533613533663438643738
30366561626430666262303833363830383034633231363334633135303438366466303830326135
33663836376162636233663235646237323061636132346465356536313839396636353432613461
31623633323839386230356338383632383661626463353730396361356131396530316262313434
39633336313735393835633565343731396561346366363234316431373037636662643734316633
64336134616636306362643434383161643364333435623764363935666166316263626561343565
65396166616632346439363164306365383138383632333738346261643436633633356132343834
31356434646461643964613364663864653065633731376333303864313636633162653438623330
34343337353736393566656136383837353930373161306165366664346335316663613936643836
61383562633139393063336134326463663637363531323166666336396163363335616630313438
34663532373034356666653438303139613635343631383230306261376139333864316231373165
63303333323266646162653230616238353132643763376431366233383465646531306339396238
37393832666664343735396333376236616439393064363336623939666261366162363161353335
38613964623661333330353338326239343261356666353163343262346339316435386539646166
31363033326466646533323039316431616562316136353533336530616564653765393366643434
66303161343031623934613761653764363262356666336164643839343437616365316338336638
32313334363536646363623965646230643938383261303565633036303134396463363837666163
65643134383066306333316438396339646464376662623832633833386430623062376330333330
33386563623866376462303238336430316433633736393234396436383361666566613135353163
37343137663835643430396562303231663832633337633130363661366536393038623930363266
64303532666632313666383861373264663638626533306239363039623937663135663964343133
30313564356632333365616333336634623461353365663662303962633031313933383965383037
64643235373230373562313561396366623231363137353461343238366430313637653836313365
61646361313131623332613134303633363465383165316233356433353939633662346237653164
30383063323338616631663836383130373236386533623536616363336535336439653032663063
35646635393037303038343338366533643033616236616139666637636263353737363661643839
34343664333264333838663334643763393032666334373739323766303039633030313433326232
36616238303236393163343261336565383833663061646235366563656165616564396132393336
65323739396334613063643465366432303039636164313033353736396538646331343839316234
36633366613830306538353836633865366262353862353136386563366336326633343532616337
34656563646463666166343632363337303335653964336335613439376464616462636236373933
39383435363431333732333734316566363763373535333965303461383831323639613262663938
32613830653261363263333135666631333064616161363861366630333761323865643266373833
63363265323463303161613039343137383537383663653865646132343731366665633434613738
33363766343030383030613731313731616565626438373236353933316435633232303961313934
31306536646166643532303966346161316133363738623361643035346635313135313432363337
62313231323433386364396261393532336331636665643031333230343430646465616638656634
39636263373461643639613633616333653730666331643138306138613038326362366431316436
63366663346335323133
