$ANSIBLE_VAULT;1.1;AES256
31653237623231653434306132326536643732353063363963656331633237333630666337643637
6235323661653332343137653831313264343361653034360a643637303438383733376266356336
61626539646162313161613639373464623566376161336632356336623536653362343666643236
6237306562666434370a336439323863383536366666616162323561336565376162343165333763
63343933346236646137663736643239383436653165336237393562623339313831363830373963
63363966663464326539636131393537393932383133333064643236373964633165343663306133
33323336643932616566656339623737646266656333386166636337626438623061373463303130
61346637313938326631666166346135353865653031626631373331633035336332313731626463
63636566643433383163656365646264653031396635616335353763353135316337383932386338
39666536626561313334626535333962643932663837613732613062393532353166353663643135
65656163643630346638353765313630636639613933386139366634633861653930343539383061
33633739613939646631623539653663326533626564653933643935623639383432373038373737
30383136336431313566353238386261393737643734666331653030633732323931386538383534
34623337383134656531643437393466383635356637633033343834313234616262336131613063
32643662313637356364373833396565323436313934336633326630303765303335656235336334
62386362663263303961323239303531363435616132363439626637663866663830303231643561
61336162623466373134663135303438363532356239316162643636626163623265383865636461
62383366633132393734393031336362373231393532313565326533303730363033396238333063
33646361316265346163363461343832393166323731646661656263393033613463303135346638
63633966346261613239323935383263353137376139656431336335653133353766336465663431
62313236653739353632313638393062313534323165373761333237613236376561633638376335
34323731353234303364353165366662366535393066303032656630386333653832363965643438
36323931353436643665333734656533313766353062636362373835616462363838363966656332
38353966636435393035376536366666646437643034363837326662613137353836346232633864
66323136383336646165666437313562666239613433633862323737613035623938343063333933
66393036666130633966663234653935386233643532666666383936663239646464303564303563
37623732353066643932313764383631646462613139353330633430323533633033356462616162
38646339313334393035373265613034346336613138383666393161333633373333663239643564
37323334333062656439313332646666386231646439653863376663376463636563346536626463
37663565363330353165623339336262326233356631333239633665316665646634383861323331
30623862663864383237303663343466663163646138353539303836653330646239616631353439
35666132336534636238616333323062636138626530653266356538623164663365303939643366
34323735383532373437303637623538383034633234303732613362643064386133356130393633
63383139346233303966393535333532343563383835653935376632653762653661316639373431
66343030623333396130353764666231306265613135623166346331613866326132333435353938
30623561353564656633663431353165363963373139303033306139613566316530396239373865
63383264336630386163666637323637313862636434363762616363326564336135303034393962
35646662336465613836353863623239353537656665323036306131386361326431306364323662
61613961303862393333326532313061303236386666376536343930393763306466303836646439
33316664386535623165343531666638636638373338363761323632633736356636323235306263
66306335306665333336306333353462393565653936313561373031663763363964366461373235
31303534383665303930626463383039306331323663666562323865613030393163623766666232
38616339316338663066643833653165373266656466643963326661376534323834343237623034
38313530643862616666333130343535353138306136303138646630623130366234316232343730
61333364323230653035626533633763646532626262363631346539643866396561386434653966
33306237393833633833333164343366663134323731366139653433303736363933313462323439
35376136393862353835356333616538666230383832646662653862663034353937653365333738
38353863353932373233383137643133386238653533666636646137336539616662396461663137
39356231326434643439393961363631303465643539613931613861353964393131666132396137
65386336383735323030363934343436633666393766333139646563633339303835396165666263
66623665363966386239633461363064633336343365303666316466306334383238393536633931
66376530343037653839643661626233366562393932663466363435623333306231386335616233
35633935386639653666356463633963623363346435353530663038313136356339633232643663
34346333613234343261306635653039346634643061313565613730313835336532356461636533
35656634653034653539633236363530383731313831373062353635383132646632373131303462
38303364656134356335383034303962643266653933643138643131306263326265616436333431
37373664656539343662663633313964306235363739323663373135626665356336356332396264
37363634383533353039373839633233663634336239663533303434396665626336376634383833
66346362326235386231653963653732326235333466356331626166303839653935373532363361
61313563316130656437646333396432333865383561333630626539386635396363306161613539
32656631643863646261656230343239343236316132353563353333343332366235316330383639
38626536316162323266376364616663643832386238613766313537343964656232333330626233
35616137346363633534353866326139333934643932663832353139313165303962356431643761
38303561393437613231346463316137636234323265373463323832386662383731623633623032
65396264383962333066383161653533396262653332623636646139393061333565666636633032
62363438326439366364613535373331343830356432373832656166336139616235653433343261
36623464353966343961376666613838383666336331666263326335376335353061303465653036
61616138333564313865353334313930613037343134373164356332353136623964663037383436
37613264383561336562326433313030633338343430393231396533663365393339326237303830
33666439323039383131366234316234363263366465393138316133656365633961343562633136
62303932646264373034393537316166376633653030393237343362323665343130643037303937
66303765396462616531616435386137393437343166353363383730636230343964373962626537
33366465376439356634623337393161313136656431336362636533326335633830323038383439
35346233656661656666366262626236343334323835623064356265356238306564386664653934
62653661383031623233393439613361366663633936643461616639373133326661326239393632
36323630666332613631393366383961636531343535303133326530396637613535366230356363
32353439616233333439363163383233646436353664356239353532363434386530366433376133
66636466643835633861333539616336303234616362626531363161613533383531326231633633
65646466383861323637393166633230613766363265633365636432626536346531356339623635
33336437613731383064376132383966666461376133363866643636636137323762343763623936
62663534633131663032346263356537643233336165306136343139653266646434336230343434
66323463373433343564326564353066626265623161396162653237393432323363376462313065
35643363343038326261393461313632663063356637353935363630646232303331366432666531
36316337646631336565663434626238363265313961656639626135396631646363393636646562
30353063316361613735323761626330326233356461613036613137643831613639613638383662
64333738306231623935303034316433353738323934343061363235336332323237666534393532
34383463636338363731343137383530356664663833623762373536373734363236613865316638
39333030646435326338316363373438353130343939323563653836396461656564393133326535
31663632353737623837346463663836363664366237313238623834336461393433663430343336
37323338336630336634376439346163366235323133643939633436333561396438613434326336
33363731623734653638626263363463633766333338336432323564623838366536386566616666
31363133393931663964616433383237663733626234363265346631623039333434383635396564
62333561313239656563326234616432663163613839626466323864383837396235666566356239
63373362306434303035303732643934623132656465373737393832326366383935653934646463
30656436333137383337646363326336663439313734343766363234373661353330316239613733
30336634323266366338323132363531343164646365363266626635393066653539316339343939
36613539306539363065663062306635643134633433636134393034346233383764666662393739
30613033326635366434386430356666303134393364643133313832633734316136316364376137
33636662353230333263656539336130333766663936306636316436393638646366313239663265
34616162393562363835623736326139336130383164306163383861323132346361343332396538
31626633653839666663646563356535343530343362663565383564633864303438393563656239
63326566386130613366306666336233636335323464633138626264653734643162316362666661
61623165356363336330316662353962333966616431646638613233636137323163303935633166
62363231363832653031363937646362616363353538386434333465386534336233373964636465
61646561343633373435343034626435646565306339633739373531383830646565636432333439
61636165343862343363623132333562313831663236323765373339616535333232303266656463
31613461626437343061356539663537613763333137333362306235326531616338376263653366
38613936663766306562343763613838613437353639663461363339383762656539373235613638
65316561303666353034613932333165373463643464623064316132326466393833393730666435
61353235623239306433343164373533656533646139316661343434396231626665306163616361
39386563376332616530626430646463646166356564396636636337613436373165313363613165
35306166613331326161343962383463373762373665343165656139626265636133333434313064
38633930396362643265333939363638393330393436356538613831346131656631636366373562
63323139653832333639663934323632323463383531363062333634306236363836383730623839
38396230316137363730376363383937313066386339346636613133316631356331386662643832
34643837306131343230663937653266323730353031366335636530626334656662666533396161
30653338366661323763333562653464316232363062333762626238663535376434653163663664
33383661363764643539653065383337373133613835653130376266663665663166346663343365
65396635636332303834653561376662333261393964386561656363663930376635353736616464
33333065393337313433633566303930363836346534633861396135366464346332356538303238
30353763386461666265356562653135303336366332383133636262333462623038343665613533
34316631613633646539396461393165376436616133636535363632393931656532323131353263
30323861366565343362656661656338613033383530303965653262383065303933336439383533
61366330326137366162303362613931616162626266643438626633376266383364366439663166
35623035623535376565663835373763666534626136643138343231343739316261343031623264
62623934663737313738343333633262376337623530393130336464656561333436386135363835
62313462383839303934646133666533356333313364363938656337373138303537353164383733
62363063383036323034656635663066316265373135633065323234666338356531653534303930
33366639623764653237363532376531346363323862343431613035333730666362346437633563
33363236323166333030646130363831343362333033633933363939653637666166643734626531
39393864623261646630393466373334623163313134353135363339623663306462623363616634
34393235346536336236326565616433613962353563383362663065383764363739396132633539
30333038333862313139623361663234353964343065373933353465623936653832313839383736
34336337356462393161396635653964633139666130363939396234356530663634613033653266
32376262656436333632373166636565306234636536383235336662616465623465643363396132
32386632633366346462306334396665636166396539326234353238316361393362643264393333
34303537623733626236633731393234363565353464393863643335373735353937343463623362
34353362346431653061653864616537343461366665363737363933643936333666316635303761
36373737326435343164616565636534303362353364656262653631383930646539346562346133
66336663373231343938653961356661636436316364613739383466653838326332663064663232
30383366313334393432333634623330643030653766663061623038343830613461323861323433
34633165323731633561636465643833353662383863653065656238313030633763383961623138
64303862333432353039316335393663356337303135333934653237363230336663316661646232
34653063363738633730396630303661643166383063616163666535623433623466356466326566
30653437613131363139303232346430613337313932313834356132303763653562356462633433
33303736303539363561653431323530356537356637616630373637656239386530383761306234
35643839633762303130343236333366303233613562616335623930353837396463613965636239
32396434376639373262306134323266356634393461326336393730376633613738313236616165
30643266636464643832373635363436366633663631383330643338343435343636646436363265
63383031316365663331633537393037623430343764303835363563326539613631356566303963
35623038633630386363636238626232356139366361663837356534346463323532383362613331
61646461336434393462666464346434633862383937376236346137303333363866353263346361
66343366306665363037613062633031366363623836383162636232633265323662643839653765
63616664386264303638343036626666343331633437363164376633663738393738373933623739
35623361303739373439666566366264383439306261343161636434306336616335306263636636
35393635666136373862343964313030376137663365333531393038653238343166643230636139
38386563303938353434316466623639306461383738613232633335633731623763393766626539
63336661346464393633316263323632366635613963646233353530616632373463636534636465
36613830623331616531623139396666313339343735306332376539373261333332616465303330
63643638633031636162633739366237316461346237353061633162373864346564306138396338
63623331356364613835333930613233396130346538333266313564666162656530646331633630
64373335373135343861373436396535393662343365663339343435366131613961313039613866
66383565663032333363356361363131376630636432383735366266663361363461633734656333
32303734333864656539396334626432323837353339346431613833623238626635343131656262
33333462396665336466393562636565373238353137666664663532656266383934626132643332
33643536626635623038313964333232313835316363393762303962663032653165363436316466
32613630623264366564303031336663383438636665663733303763373438636133396161656666
35663365393131663362613436366136366162303663316339356531623764633635633633656565
31666532653831333364656162396163663563653133303861333837333462393637313966663063
64373061626336633339643663333633393730363630323464393537356338356430323463636636
31393537363430333537396533326562366461646363633862356337636262643334366131633363
37366362373038626462653166666666656665643637646464363737323036633465663733356630
65383461653631323934383263336137663463656339663765366436633965666461366534343136
30393062623135353261666439613664626536646364626235643933343030613964343962336436
63366531363864306138313465653665646463623030613631396139306431316462363030643034
62613031343234386437363932613361663039623665353961313932346464636235636661333662
32393266643464393033636164653038646431633732383730343066636436343931626136306262
35396431346538373631633230316164306339343765623733336663363663316536626361633332
34363530306332363962376261363864316137663061373564626164663132626665366363613138
66643838383266616136613833316135623963363536363963366562663233663962373365633333
37656434613432643164356664623536663631613663333639346163346163356337356261363262
36303061373131643631623864353231386634346166646138306465383336643135363931663766
37393836323064316231356637373833313633323433663931633464643938326435396333613330
66626634323139623939623637356538623439313766306231633937663136333838633237343830
38366634343838393337383738303931616264303336636262333437626566303339383430306331
61356332643562363138646464366330616530303964623032383861613633613834313738343936
33303461663061643762333461613735303032363163333966326634626531643366666235373362
32316565313839356539353261663339396232326265303364616462376230663833366266623637
35613065396633633733343133323838396337616636623033363861613766373835623237323737
33306466303538343531393962383931396631353233653163363934613466386164396434663836
35386238356166366238393930646533646165373632326461386634626266646530366234393932
33376530333036376535363437653939656331313361323266653165316563623166373034373066
31646364303734613335306131653233306166343431613034373364393931356465623863323866
31663162623463303365333139643731656363626239636136653830363134636563663030356131
64383033333534313133303839316264633434343837363263633431656436656266303261336564
64643033613066636561393165636566613764653664333530633761323238336363336662373666
37616233373435653364336638313061336537613563653864303032613538636564396331303832
30396437626437353066386130663631363364646639326666663931343637343861653364326433
66646331643330303630386234306138356661333937643933643737373938326564396261656361
64303166373330393465393962663337333930613234626666613635633066643437656262613830
66386461636337643963353534373539376639336534383061633036386439313534353038333031
65353562346366636235343537613166386138383264313663323535373966366361386461663862
36353637396635343039363566383530333565623837656437663263633963333165343932396131
64623264653162643664383730316561643135393463343464386363656337343766643731396262
66353031343163316536636631323062656534363438653238623039633237643462613335626339
65383433646633333131373136633133393435383536343634626131363836333038353139636230
36336664323339613865393631346339306231376565376535303766346234333561623835613232
35626435393733633963316336633131323130316264306565396638386538343833386139643437
38633762316364666531623666313932336630613536663961666239303365636362393035393266
36313435303334613262616164616534323132326165633537626263303665313462633530333563
64623964353664333039363534346633616635396430633261333962666435323961623561386533
64356164613530616564323236323930366438636533363134353533373165646438306264623239
31643139386665393835613031396333666338306533613964653263313665363435623939313065
39343236343463393830663530663762363432386630386464343364373034623230386663326137
31363363316332323034393961663762643739613737323835653837333731643830653564306430
33323866623231366637
