$ANSIBLE_VAULT;1.1;AES256
39346532353561373338666338626238663036656161303937386466336534313236323632343165
3635653533386162386138336237356262373934366132390a326531383161346261373937323930
30366531663032616334646432613931386539633039626336623465346135643130626166653737
3765376535643631620a363061336465613565626563326335343662303530663837643266383732
30353062623130303537366439366139353931336130376538396533366634396337633265646262
33313466326137393835333432373030383636643631616239393137633163343262663961623864
34653634376632373832366630376466643539373362303132616463313939663833336339323135
37626263653034373432623238616633303337353566656263653666353562636261626636633261
66666238393039346561666637393639626435336637636463353364303562643465663666663963
31383964646639353432393765646637323735303739386230376539633832303265326463343739
64303236633238663961653333626464623666653038323434376634306332356235626362646266
39616433376163336433653439313539396263666261326135373939303936356466306334376664
62616434626562336161353235356534633566356635613533356538326433353637613238653566
62353435626335373764396539653532373031626332393737303865336137326135636138366336
61366361633633326631376362393062613063336464346666313630323865666636343730613039
33653731383537623931663232653465613230386639646539633335373064386237633366323535
64353161353436313738373630643562373635353630363833356338303464663864363464626362
63343735356532323434633564356539616161326664343566393061636431323366613038316432
33393566353865396466346136356330643739373365373463313962323237363661326337373533
66303964373433333762613334396235316333646436633736363766353337613466616463616363
36373134623237656135333137316666396235383332383533633735343031313730313633336337
39666462633362656536653338366133316535373637383135363931393532343637366439643966
31623462656332376337313139323137323864346634363938373134623132333430643031653536
63616531636635366161303533343031643166383739653433363238393531383035393635383361
61333131373731313833333136373366356235356232613239353931613064626637326430303935
36373231656233663931353563356533393562663063393031366662393831353033656638343437
35343230373635623765666139613034616132303065333964613435333935376132386266626262
65663362663163356538323734646133313731366630613465646463643962613531626332646134
37316664306130616638633232343165643738616638626633336537396639653136303031306430
38656465623563396433363534666438363935353438383162666463393362346134313262616463
64306539383930373362396435383239316264373064643435306663356464343939663232396266
62653632376464626532653961303863373362613864613630343135313638666532623032656565
61613436666134306237386637643036653839666633393434346562393732353338323630396166
62653731393831343964386530393736323762633466386463306262303233326563656266353164
35353862306166396130376238363339633765303262363538336135353837616332343032613638
62336339656436336437306430626266643236336163343362386265336338366532323032656230
36393637383266326334316233343933626636396462666136343030393765366233393264363136
37353561343866633038313133643635633731663932353132316165646139616335366366623538
37363538323539666435346330313837393966343330363338623562633966636133373263623165
37623564643166646635336661393837353838343531363737356635643534363561623865666662
64653239303033313931353139353232663762643339613237613735663930366136376662303832
34623832356137616331306639326132633830643537353565633433353763376665343938333934
34643764333636323465613433393936343535663932663431616665363435373463623734363239
30356565393465366230643237386630333861383566646636376135663263633138613063633836
63393231656239316238316562396434373362636432343730386265323238366635343331653739
64363636383666373363316164393135386339623436336532616637633234323330653837376639
64306333666564363438343733666638663064393537663933306134616534646334663863653362
35383161393264366134326364366165313263376463313862383038313663383966343864353232
35626638666631633039383662643739653462643132376636363939663837653335633034313063
32653337343433386639326266663333316339623236383232366131383366353438343139633763
31396335333962656130613462656564613761383734646133326532616562623339343034643361
38343430336565306439323465393766666633343338653237336338303463376230383366363739
39316532393030313935643565666366316233646336613538623539346661623963303335656337
36383462333332623766653634383939656435313737613034656361366138343636323130616461
38313062373335653037323466313333383562383035316364316638356231356536373261646634
33373330643831306433656436353865333036313662323632353363323261646335323132373339
61396230316237376434366164373761313064613636326336366262393038386233303966343964
33643565353532646464636161323837666662633164623763303465623961303838316561323962
66386234333165313765383864616261313331616161333861653262303434666665323932396663
34386161303037313136303263623866393566663461613161643362316533313664623439303037
34396536323436666563363938346466393361663936323830623534376334306632666164386235
31306139633233306161396131323565336331633831656439653562363938663236643230373434
38623535656330626430356636303030663761316462653966323262663865633830613065326462
62306363393235613833393937383233663932323463653435643564343335636230343934616638
39383364393939653735396165666661363830623762613736306666363738323464393962626165
30346532663132356266633739306264356231336436353564643139336239393766393030633932
35353961353530373433303663316563343466346462663835633431376666633363376332303531
32356339633936386436636463363839653431633234363564326338333363316233626134656431
33336138663331346432393032383865633837376237623635363637636532383938333538613165
65653161643832343135396562636638363731623538373536346636363565386536373839646166
61626362333730303961323065336237613365313337343531623032376337326132346335623939
37323762333137313230353961666666396563313037393762396132313132333238333362643661
32323038303863633132336531303965663731643630316266353361386333376631343366316564
38623736656139366365353663356631636161613061613530376137356231653736316535633334
36383863343334356661363266353031653532333663393938353636633866323865396564346166
63373532383262343136653130393166316163393236336636306562626165333937353764333866
62383434663463616463313063356539636133666633366263633336346339633665636639346461
31663265303263653135613336626237346138303631333336616664633937353936303130656237
35373763666562356135383431666162373430653830666261396263396261393134643663333139
30353334353439636262643939326162346338343763383765383833343534623864303936623938
62303934646562663537663331363330663632633365646364626530653166373232353033383834
37656131326638343535623961646531366434383030303463633633313165313831623730316334
34613266396435336634343931636266373632623466663766343736663464306535323438646234
35303932373835383438663531613664623664643563363536646533653239353961346634343233
37333031623639633330373439613733373865313962353034666563356561663038316334623539
62636239366464313833613737393962343932653235613262363431626535373862393062653333
33613237356636643166393664326437336333363765386162393234366231383731393939303738
63313362373665646665376464353532383364353638613465323538373931636430333665666466
36393064376461616238663962346132306130626566333463333535313630306132336532633066
30323435383935663437646163666230383832643335306162363532306666323930633162626139
65366166356262376538326131623430646637643463313664656138663838356436353264646134
36646566643037343437366136626663356264333739393936313566376162313762383863363939
38333766313065643565373664316133613232303735643937336565666336613530346261613530
36616633643363353362636233353233633633613366653961313439653536353337373935333637
66333434393836306162653933336336613030316264323561373234313065333436643036313731
62383761636230646165376531346137633532653862643733333166336166323863636563363337
32313530346533333435656433396237643334373364363061316530313432343234613931386433
35346265336565346630643334353336323162323136306364386565326164336432323632316162
35633466666232303830653037323138643562303162623766666238373164393432343066313432
65306561633138623933383232383635373934303731663330636539343833346436323939613930
62333231656466396131613734343065636338366139356565306439333537633834386565313561
65643462616632666336653839663832323131373863373237373661666632356463656362336433
31386337316664386136346439303864616332613933653831373230613533643563393563643362
39386238373635363733663732633561653263663034626466656637626265386534633361633438
64303662353962653039346530643931333933393039306361363761326435373766336534636433
32343635373263646265383938663062393039663265336262393736653464396533663664656265
30363933633431303439353466343131663932363136663462313133343062343238396233383138
37333132306532373362353835383332383961353838343830336137386361336562616438376630
65333433363038613039316464656462613534643262303336323631643536383366393036346235
63386663356563363162303463323838353761613638383036623235353635363463366638383161
33393034613762313737396335626463646463666435303430363535626635376263323961323733
37653864363034666563383931303539643331373664643132663930373935383334366238336439
64633139643535646431613631393861366662306437346463613732373032346138303933626139
63393230333439313730393533353233323334336438666531313539633133613439613635663339
64656135313632373763626436386261656139356239613137393433613239396637336136373236
37663539656536363236333133666637666638303438616562666530613262316132383965346437
30663736336263376631393232616261396633363264646266383836396664353637306433323563
62613338616232363262643830333666386234363965616366613762663136643130623366396536
65373738313364303732323334656564643234373762643333646230353866613337393032363664
61663530373634313238653631363462373930393733363861623638303435653434613265366664
65353932363030363639326335303930306463663166343665613466666664653736393961363132
38393833313765626166326335663333333533323062353365313761383262326637353834373736
33346331633733653065393736363230616463653830663161343631313134323261366364663464
37383733656631386132313639353064653166366335383765383966656235666639613835323363
37626436303437663135643865623138393237363937353761386638346636346637306464343833
39336538386538353063326635613561303539376139656333333133366164663937653561376466
36656339336665393066333835366134383134393162376534626565356465386335306234353831
37623162616539353637343839633362386432353530333234386631343433626661646365376437
34353832383861626631373862383739386330303365613061366263396466643934393065666634
32346661383935373966666130333131373632346263343431366666376565366564376361643662
66643930363936303136666466633937306561643531313561396565623737313661656262346438
35353435333331633766393232323035636566303764356535613166613264393865373434643065
35316533353238666435636637616561333736353134343034656434643230383361643238363664
37323762656562356362313237646138333037316664633536613739656539313636323661643133
34663036396361353064363863663039663632633931383831376266313438393131306465373033
66616634313666393235333937636338633739636635613465666237353664636462653638303036
64393832643761663565393530343138653935626362363439326134353939303530393632666665
33363838343638326130356264613134663532303131636566376639306536643064383566363038
64363436663064653064393730613066393331663936613866373333326339376137626436356634
62316261626663353939343136353539316161383065633863346166343539653365353736383832
37346663646331613866396132663962663836346432383931356234663766626230363438643564
30633430623032393365636263323432626335623533393363353035613333343366656463353064
30313166636331393836653236306233636663336230383965393435623230383736666331656364
37323930653335393432306335393064653365623337316266643765343661343537633761636333
63616334653665363634336433313630333264623933323834353061336362353537613936636539
37323033376462313464356261366338663564653033663130656434313066396432303230373538
33653939343731353338333833643566386363376433326165323738386335313962393162656361
38313661666134343665616364333132613432333765303161323535373639636366323437386631
34613331663136326335616630383665306637313533636130306535623837306265343464613732
62653130393039303464366635323237383739623436303962346164333135356137303930333263
37363262356664613762343535386566623631333031336636373030353737323933623733613534
37336131316131353066656162353035633536393465373331333739333834306161336261373936
37646431306234393733396336333836303138643963626666643563383236653632623166383030
38636266383831373634613066633136333733336130373466613538383338366537666534366535
64653662663031623164623632303837323835376333323165356639663363383939316331666239
31336565303035643234383138346637383464313434663937383361623064663663343435333937
61303939613235363733373530323061663162333633313863633532323233333133333565613338
63666438366565636439623263316264353436626462366565333930363932643961313635646266
61616339636636653962623063356238363763333633623639363936656636333362323635303431
66333031393961336661393665623133333137326532343338666365626266343164613731656331
38333230633233303234346361623262313532333562373666636364303566646435326238383039
32356162336535373631353064346163623737363230616236623635363430353439373362393039
33623264376363363861663537633062633135303639623835666133356431626239613461643262
61306535383736333039396662656133623562356235386638393462383636666234636632623136
61343331333732646637633639333732346562636264623663336132613465303763616561383837
34386263383532643130393333346331313262656437626130366463626566366634303530653430
63306233613135376435383466353166356562383166336533323037363663656163613639643864
38396239646634653538663538633163373932656336353731646532643039613632336330323663
66646133346636316466633233313764356235313339623261633638653736643165376338383366
39353134386133636565643363653962636239656632666238333232653830323731616338323136
66663739623263363861326136643935663264306130663065616438363834636530663365636334
30306565633034613730393631386165393831336665663039386234663265346661363932363236
34356364616531386436663463333738303238313831653139373062636364336463303138623730
62386536663133353539613461343430303133386436653833303831343566643863623839613633
32353364366631313965393132333961333330303536633035353136376663333031306161656436
30653938666466333434373835333935633332316438303864386632646339313032643162353737
61323733306466666661303966366337633566313933663866656464373438343438373538623536
32306264343734346361663431666361663931633366326363333265303166366133623134303335
37376434353132643561626139306238643630363838316237323336363836373634376636656165
61313033353639643564613038613865303838303431643636353463393530353762376661356665
35353266343432643465366230343435663964666635333461666632303131313236623637346635
30303138303434316638326438386233306138346330396466373735643863333534653562323866
62663531333230646364363133336130666633643332623537356562393432383461333834313832
63333831323137313637613637326430643563623135353533346135343164623864383030616532
35376164626338336333616265373761353335386537616131623631333362316537626665353065
35303433323832303031613637343264316338333033343237373839636663613539656638353635
37623863613130633664333532396435363762316164346436623031663634323138643963396436
36303433666633616564366534323132313535326161356133386133383838356161383638316639
39616237663131323939353639626636333336386234303938643835373332353839303762616537
63616534373662373336666262616162363763333930346534303130643331663065316664323864
39613166353138343731323566306233386165656136633537396231386639353131303066656462
37353062326664373634333839313938306238653334653131336431303234376263376533313162
36383732666139623062626465376531323737376230333730663266636137656164636365393534
61616136393366653734636138633362616134396434393736373233616130363766396231656630
31613962336233643335663231303336623161303834616663363138636435613538643465333866
34386534343839646166663833303430376136616461383738396435346161366264323335663864
65386338346133343235373137353338343035336263666265663431636336396564343934643463
66653336343162366635643839346364306332363763616637663239336365326635303263323933
37333531303437303765656363393432356433333664363730333164316433393031396465316662
61663830653662393665353231646366663438633035333232613832373032356334646431303030
34366137373136656366623130636439666233343961373066613662383966353864386665646437
61333364643466653336383738326662366437386465613435343965643633336633313866633166
61363839616136373664393165663266373965326630316134313865623533643638313638396465
63323363663365336238613736616162373565316563353738653036396136643632663130656230
39653733313661373435633939373438376535383434623339383932316436303562626561613332
36613337313863396230346439336561623934353833363534626531316266646566666435373737
39313435303836643837373536356361306535656239376134323361326431633830636166366631
64663632333862353232336234386265323462346538643937366638623933626135386433366163
66316131303964633539333066373336653834353237666239646639336163633530666366633636
35353934643166666132393564646430656161313136343339323937363234663461303065376366
37323930633831666462653132663963323266616135373036633530383635646462393333626266
63323663326265353264383965646464336636346362633432643230326363383661663534626638
38303666623839363933313632616638353131633736356565306161346137353230626338373166
34313462333663376337373033616265393931623865613663393938366439623235393132326562
65393034376366643039663936663739626232666237303166306137636231616237306430656464
33343362633962343931363563623666386235646335326661643231356162663534386364336465
35646331373134346465613663336562613734336166613737663661303837356462356564393366
30373535666539303764613962623434313961316164643836373861633766353637336130346263
37656431663135353337353064653332653437393034363038623339393733393665383064653231
33613361376636383830636533366333616662613531376330663761643536386465363764323835
34316639373233333031386432343664383036343633666533373535616633356536656637633135
61333337353962386366646538616532316635643932346432383363396139316438323030653264
30336565393030613331333863303064366334653531393962303139613738326533623335316361
36363363313836656463353237636162663430396464336533323066616131396638386633396231
39393736373533393230636234656435303135656337623931373838353831383261323530306163
36363539383437653964393730353139343763393862313233653966313461303034633634323233
643936303437343538383230356265353762
