$ANSIBLE_VAULT;1.1;AES256
63313564623862663234333232376432363936616632633764343832323861666337643232316431
3830343363343266663836323438323639643664316139330a386138643438613936623463376364
62336135623035306466333563653365663565346330393935383134663466353365646461626137
6137663030666564390a646333313936663362333663643936316431323837646463313435626232
62353366373838366135303336656632353566636332626337333665633636653532666433653733
63623733376332353037363834633433663139333236613863383232393663353035346162666365
35366334393035346336303831356636626132666233333263636235623837393735613734316431
31613938396232373365306535303535393765383833366163386534643733393530366365323430
61623835643734646363663130303838393962393162636532646164353433393132633136306138
63616336623531396531363338626230643132333732323639656130336338383661623538333734
30643561326666633235353065636365656130636330653861656166383532333262666433396364
30336135396562366635643938306537323133303064653333343637386262306334643965393261
38623461343462633564613665373262353262323133323336303238626162626330313236643561
61666263356462366239333631666137306436306334313765306139616334653636646531343534
34316162616439323665316339666161663235303930343237393930393337613531363637373762
64383361356463373865666230383438656235383663323934376339316536323030396332643536
65363435343462623639366135386232376230303632343764613734646239366633626339376666
31333635656339636266333230386263346163353636396339663436613830373561313831656435
38656439633230313833666534663662663636653939376136613962623332323135373461663565
64306265613635363934376465383561353038633532646534633364393561366565323530363330
37356633396664633437653836363734343831616230366464643835376430323832323537383539
36353932663663643131666137356262343333626536373263313632383966393735653530333539
64303762323031613435626363373031643039616634323938643564633065363832643330313531
64656131303161326637393233396333626231633138356263636466616366313338646639393236
33356338373036633665383763376535623537306365653665613038343930653731383162353935
65663166653366666631626231373762313338386632383066393362353934323265646262666131
34353436336638323732663936666662323466643763623766373364626433386536663338393066
64346339333663303063353862616263643634666565303063363234346465316666646338613366
39613466363037313066313731643333356337386363373732613633366531396332343062663438
63326437626566616135363632356634393730393566633530343532356264383334383331653533
30653833383563663933663936376134383639323736386133393163356438663565643830346465
31383033356539633037366635343764366432633239663535623466316433323066363734643264
33633264363133323135343162666263366364663636353966323834373130636339653333323533
64366532623835353239313233643730656234346530626233626431323239653965663862316138
39623233666536343863356138363032343061636539303639333966363331383531386338613961
32363730646236386538623466646239373333623162663231356263663762636232666566363461
33643533663334623666326661346135363862326463366233306362373564633531323837326632
31366336306361316137623366653630343930363463353633333739363939336163323866666637
36663466353862306338663066333030306563383062353133326665646639666237636132343038
37633562393066373335633064643033626131623231393263303439303965336437636532303530
38616434363538383230343538626238623862356636383264323635303739303561383836386563
65356435353237656439633066346665343633303230656333356439646133373765653932656563
65393462376138326335303135646335616234366135623231656364643237373133633530363035
66313465656537373566636633393238326539613136363462343938376631363439393437613334
33356566633764326364313734663430643332386534393034346461646163383633393930353332
35613033376163333532393438646339336166353737316434643464366364353364366465393436
32626565306436616330363032393331613566343337633232316231383463303565363435373363
36636437316265623735323661343264323039316138636662646436323364636431663630323664
64373364623635666536626339326237343661303330386638323336363935306264626634616264
64643132643266336233356532376665616564336437356634623562373736343334373631393261
34393530626661323036643437323936373765323336356434303765316132363065373237326231
36353537313265383130343635366361346231313739393535346639653335653966383066643933
32363231633235373761323836643564393232366236353038343935623930643363623263653935
39333866313261383037313938653636623665333437643439396661623465313664353437393664
63646434623139613936326562386337376331666164363664613830386233343466376266343732
35383864623936646462333564636532323362646230386432323834343437323534396531643064
39666131383536656234323739366535346363333437623431306565323138383335393162666536
39346263363166323638646331626331623137656331646161346333373062656466613838656239
33373135343464366664646234313133366434383966353032636331646634343136343265336439
64373562636231383262663465633366386663623464383438376237346136373466343339646434
65613361376239393633613337623132363333653562633233633133303237656439393663663734
38616363373237303365376262343938613038303365356266373136383661383063326233323261
62386232326266303237383134383536386335323030666365643031366665666530313433636364
66376134353335316161646238336462316661393733343331373266346238613861656530356539
39356464666164306464353535633566626461633562316663316236353034656330336434613935
31343061326532633466383932343262626330393534666366313863323266623630623936636336
63666662333763633962616266386437653836313432373537623637306465393635616237316163
32383534386337616138343238646163656539336333363166373332316538663432366631343465
62373535356434363331363837343732376662326532643035623861613365306362333434346461
32383932623864316136343664613737323264353766306561306434633838313165343536306533
32656462643164666265623331363130623363643461343536316231666130393038393932643332
37313962663038643837653061313030313733613238303765636430646330636631646132663430
66656530666235363236656336313239336438323765613161303930376437323830383638303430
62666532363436366535346464613664383762616538386434343863623964613236363137323437
32633362633739396637326333326162616137376261306137323739663436363231663635333563
64643737663236653833303531643266343065616236373437316532653364613166373236386135
39613761626465643533313735623863326565323537613138313565363631373735633362326436
66303263336264383061303837323262333964386263633863386336653130383238373130623133
32386535666233613461353763343334633530306537656638303334666666343535333664343338
66623932316238306666623135643831303336616539383762636638323630313662306365366631
34373563646335373061613632353163333934313131626432376431633065616566313537323335
61376465323731346439633038353562376263353036616365333061363731646136356465313665
63626235383036613863393336633933393732636434613334373766313338303665663333623665
31623164393739316233303863326430646565386366363565333165633839613633373163643037
37326366323134316636306366386166323636363136646135373262346333363562393261653035
33663533316138353636386439396133343065656563646266356165613139303937633463663238
39626537373835306134656561626136643331333339313236333865323333623030363835363837
31623336363262653333333734373238326562383162336661643363646434633362356166373231
32373365323634303061366661333331393662613063633732643736356139353066643366316664
38303363313539623238646532323064326337343336316166636161633739316331396431316236
65633739376239393563326436303031663439633937363831633338653635313063653563653031
65633333333330323333333635343263303430306338653263346262623934326666313431363764
66623239393137633763363331373865376534346161383138353561653734363464636636363339
35393466336162386636656565336565316634306237396533363861313031323735323634323830
63613762663036633165613363313138636535346138626234313236326237663535346566306431
32653962646339626235613136326239623539306533363834343261396536613163396139356434
33386433326161653032633938313935653436636338343630666237613432323839636163383164
34646338336530313963353534366462636461313862353239636464323935653831313737623934
65326637383364653335636361323138316261663739346536393265323438326663626361303030
33663930646435653462343762306265643236393661643866643761663261336264633338396433
62326662306435636662306630653763643832383666633063633936633236636139356461633863
66313661336366626330326435636135343233333238666336303762353733373537393133363063
62366136333633633465633366393334373034363665636162636166363663316332316435643537
36636266623361623836626630353432373439373938653539323431663365323833623066633935
30393430386336306437393334663466626664376339366562303365653664393731636338653632
37656439323639313139656264346433353636636136366535653331313436653162623736643663
30656632353236633834343963656430386436663866653135313632376362643561643735653231
30373635316361643630396439373466613634333838363735383335343265666534343638323561
33623335343065396538363139646334303562346338653364366563653334316237646238316632
30363461306134383663356335343039653862316336316635366663303136386430356465636361
34346238616561643930613033653636653765376161656137646366653363643237303631666630
32316634373661356164616533656430383363653730353838306536626130636661373965336138
34343563333464393630636631643334653534616263656131323166636230353230336532373135
63626337303234353566613561646432376638313239626265666134323633326131316565613563
61656664386632633664646561383834646662346665356364353061653538656261336237393437
39376539623039303336643132623933393036623832633465313664643836333435363233313831
65303764656663303230346436643134663735623235363965363566323637383063303139303565
64646364386134663434616630643835316463636239353736663537636235626361623832626537
32326463656465613563643231393737326235313438326635333735303365663833393562336334
30326261616566396437313933636638656364643463393066343766616161633030663263626232
34353531393735663639666435626366626262636261633064386230656663616565663131386337
64663138306562373363353337353366313230393131346133646338633438653835663963623238
34303462653466653632663236393761666431653837666134326431356131663536383337666163
36393233333439303566656264356330663731306334373936396537646661333161333964653162
31623739636335636263346238373461353763353066303238343537613035323931346564393337
63653861643862386463613964383734346531623262383665383262626261373231343732323436
35616362376366393830346137613632333830393030613932653339666366366364343166373965
37373265323136306139323731343564336439383631313135633232666637653461393230313664
35313535336430333438316436636230633563636335316663636437323239353565653531666362
39353261333630383139666465616139663363346230373738346662356562663331323832326136
38613330366136626431396138373666306132633139316139653936313961333435376262323963
34663533313461623666363466636238666632386631653937633633383234643862633737626661
31343530396535316263363334613630626462626635343136343066663732613165323165663463
39323461396339383437336233636233363465303334616232636339396364383539326263616161
62393762623434616539363433316636623936626138353163623230353133623130373963303338
64303834313165393863303439323363656432303162623534333764336565383363653565383564
39386165363161396462326234626235663831323939633763323130666132613966616561643536
32353830343437623035313639353033633338663364383365333237616366363362353838363163
32303139386665663830633535653537343939383835666239616666343132373562376231326235
37393330396336666263303565663164663435613931333461643338613233343939633065323862
30653936376561646633303535303737373962313765613762376261653062613862393161393764
35656562616235656231643435613264303263366231633465626565373130666236323261313836
61666238333064393333666162623832333337383234326166303336316232653266396666663337
65663630646465363330376236666666346131646235616130373736643932633266393264663538
31373338663161326338333831336461333038366631633336663833343534643533666564643264
35383139346337306563393038653062343662613236383665356236303434323631333731386434
65373236313666396266316239383865366332626434636662646562663961393433613362326234
30396363313536643331313565623639663439303866323533336564653130613163396330303062
31366332313034623264613261616465646231353539326130353439636235623664343032663661
32376536306161306366653965613736626537666265373532303733373964363134396236643739
39316134343866623332323061633837363636393964373239316333636639633764666334376339
32623932646437356639646264633161313564353434396536663433313665313463663730316565
39636566303038323061313861316564343038346231363363303562316239316239383237353065
62383930323236393937323938643635666535666633343230306665613833326139363062373264
36623166313231386634356437323531613836393466373937623636663963636261326135643537
33633037666663313135316666643264306336663537363365323635656165636637313261333162
39646331623766313739383134613234336662323436386636353638366261393330373266396365
65326431633939643631626531313637633236393031323239353235393939626237396465316530
33313932343535626262323934363333313037646266313362366130386162353364616333313732
63653962343738646238623165616131303466626639613164363434623730653864336165356536
63656130353934646437613739653632373830363435383161396164383631336538343836633962
30656131663834343533356338343561656637636331633137396536353765303961396432383864
39393634393637396131333061366533666237613338666564313431643933393361323635326662
36366565303062643138313538393763323134626133303032313039343739383731376539363465
30646132333335343064623266653639663638383564633565636561356361613333306135356435
36306162656539346364616538626432646534616562306166623438623439343531353664616537
39616330313537326165316661336638343438633861303434616466633763363262346235623264
33666430393433303831336130333232336636353865393733363837306337643833623731373532
38366162313766336362366461396634626431356433303062353232636132376332323834303564
34623939303663346434666266366362343632323264393733623664363834346564383766636464
33663838623562363565353938666566313133366531393761623030646262316137386336373632
39653263316339326630343536623835353334323338653763353162333037303264646630316661
33333035376238623165623564616439326339343334386339336633336563353430343630396434
64363066373135366434303366653863313436323763383730636162376338363833663065333239
64386537393732636231313731623765653165353139623933393039396534363565656234333333
63643662386230333432383566313965336136353736313932313233386335363234383261633433
39666134636463336563393634326134363834326633376361393131613732306435326539336535
65316435386535666438343964346331356437393461613964333036393165653662626164366531
64356532313434636436646637656463326533303062396565303838323463306231323366313263
63656436616537353939363565383432323433333664353539333062353266646130346632393235
31363966386630303937623966343864663637623531613932623337343764303338653736353763
63386531383665323461363163663437323264663537343161646532626338313564646633356537
61313439313130383739313236613133326462663331626438396231323665623365326665623464
64326634383632653365346237376332343663373166363539616637353835623931343135643865
35383838326436353035363739343430613962353566666431623631623531353230616539613563
39383064636561353237363234633163386630633831376263663736373266306666386537623938
39383061326263333166343962316163616237666234653430303433353131333033633935356261
39353735623861623835616132363064333130383335663532653864616630323165383733316133
64623135393863386264383533303131356238353962376264616462366165363464643834383237
38306461313033616361313261373931363566393930326337353837626264306336366163386634
65383262613432646234353730383236343234346136343635353135306233306532363334653939
35646332653535343261653339323064653736306337643639333233363762653637633834643439
65383734623439396435626466343835333962353836613662623365626439623735353630623934
30313138653561356138383734343436363565623566383937353035306631613232353039336561
63316166386631616530616262613638643138323863656530303632343465393864653162353836
64396136386364373431356462383033323939366461383765643239363236343735663534366263
30613138313539333265316331623737313936373732336164626661373634383062616430616534
62353566663837306564313333623033353131386466333538646263373264316238666230636530
62643731343437313461633736366233383632306565326164636165366433303366386332376130
61383266323030373739396132363639343734353638373534613162623834363131643661653364
36656132333630323862613661613037643563376465303466303337333361643562626534663264
34323362346161663839326630653064626337623835386539663836626533653233643164633739
39333239393764656664323738383734333239353935623065343166373763363838616333633935
64643333386235373166616161626365626439333534386338366563663166616465653737643433
34393039336434323537663538663533663639363238633231313964663136306630626561353463
65336330636166633334376138326137636537326336656231313033633765316237626265343361
34346366373762646438343335636166613536346165376564393339643965343230316130306633
65386164656233613364366563373938386534316131366439343066383362656232363134376531
66663664313835313633323662386236653262313534646236626234326565386530616638386662
34646266313763633535626337613166666430646666393761633535663639623265366264366339
66313331303562623535323033343732643431653361323731633062366261373765383532346532
39313835313633313132646261373831623632383963663930343131343930646633303237636135
37386636303161383630303238323530336261353435613938316631383138333436323832666634
61383336623238363737343437376636623666666263323032633462613337626335393438356632
30396433363431326262363263336564393230633132343061666131383839323331306630303163
32623530666336356436
