$ANSIBLE_VAULT;1.1;AES256
35353632333466663132306339353834646561336230633537383637653966643836346365663739
6131666435383030653735343466373235313534663561350a396363623631666635396637323838
61353062366333366436336639383438613462396664323365653162613932646232316531373136
3237336466386139660a323762343538616434356362633839353064356232616564313961353933
36386262313463306637636432383765393039383261303263323361613439653865653732316165
38623630323131663933656331323035346365333162393339613334313638366265616362396536
64643763393433373732393265356237336633666133623535613331653366666562386664373163
31323233633761373363663638316530363135396537313266396164363239616466393465346634
62333136306630383265656664396238363832666662633538623762366463646534306564316234
64636133646437663738613533393434666164653032623330313935626566343637333638613330
36626336386334383936396136376330313936326531343032613865643730626634303064666331
64623932373565376239313138646431326662363231363536666437386362613033393062353630
64313937363232373432323336323865303034353133343931326631663137646231663735623835
38626338356638376466333765346538393733383765663539383364373935376238333737316365
30333934323830323331323139643363613232313164653034346130363137636561303466636163
63373536623462306364633734313964653437363965646636323932323634633931373238323436
36633462356439326565656236386666623662396263623831383934623337386266646333313036
36383634643761636435396134643161353530303535383832393832313939306636316439396634
32343439306439346261633866316437626337396635303864663061653434626235303765656537
63343534653635643536316463633861303937393265333335333133356430396436363931383764
61373861643764343338636433353166613539343165323565353262376139386430396463613733
62323863636562393938316465343834346138663339313030396163306166646466303664356231
33316239643561303137626632303437313130633031386538326637376233333762666163646639
33663233373565653236643232343566313933303661393234363331636635313532363833613566
32393364323530316564303136653330336138613263396665633666356666643866656162633261
34363666383437303834643739343139353263613663323861363163343533653162653864613266
35613839353434383338383139643361326366353031636434363661353131663338363166303033
39356162633630363364393932653139363036373663636264353262303664616232383232663437
39303064616534623231336434346434323330633132653235653166356336353666613339633733
30363665333465633065316563303234646136363639666666333363666536316339646137313337
39343537663263616237303838666237313031323163363835656662326236663636346432363663
31346261333034353234303830343336386463663761353438373231663161363964336462663437
33633365303566343335323965396463353561373536336131663738383034656563636365393635
37643632663438313037353538656435383763383866353063373365396630303664626263303236
66393334343863313131333831613962303730316335653636386562306662643063373464373865
38326465633436393834363364616136643734316461626266313761356562393862356135353465
61343736326437613163333837303833356238373636366435663532333465323235643030333232
35303538373466616337626165306562303931306366323936623966353039643666373337326632
33306566666237376135616439336333343463313932363438326133343334663434643832633635
64626334643262643238333734653736396565343938313363346334373066306138356465343837
36396361303339333234306563626135383165656535336233343038656533343034393634613739
66303439316561353537626262623130366432613438623532663436613432333338396132303438
62323935663030306639366239303236623233623539616262363637343962663932326134353439
62386138636636616564363263373430333437386366313264316132373234343932313537376232
34643862626330356363363835656262613761643335333333666233636139343039656535393130
30656632303333383239383431346132393937383364633138363733636532656130386163346430
38303061613465323838306439366631363132356665323933316635336336656234633363393238
30343265376438643061623734623366333830386637383635626463373431323936636437346466
38356231323165653431333236643931646534643066383061623763393538316236353362383435
65343438636339383766383366316230326561643538353766346534373033333231373132623366
35333536353630653363353130386665333636313231363531363834343666376164343135316264
35643632313038336130313765393738653130336362393536633439303738663630313030616631
32386362393035356366323930396431313961306362393366323536353633656332343533396135
36343035303732623032326166623530393233373666316365636630336164343962623463346663
65626135633732346430643333373430373732316664616632343231363838633638356639353134
35343236303061363039376536643065316539633733313361303436303564353465316263353961
34363837393131336162366162313364363836616130613730346635326363333836383265626534
61353061323136643761633663303237356338643164613536393731616231306436666539646539
38363235363365623762346366353733613766363261393163353166663939346536336230383737
36653463313335663234663761653730663231333230346262366431363366393235323635646363
36663161353361313265393765663531633330636432663832363836643130396438646439613561
32663938613964386235373762393537643338626264323039613836646131393537386239643233
36316664663964623831373264666263343666626134386661643938623933316538346665333635
30633234643161363366363664383838643738356136613837653361643565633934303863613265
37326662343437316236646565623731646237326539303463306564383133373830303033303930
65316338356336313165353966383639383337366137373436313363613831336166383631316431
33373436346435613961646464373235666465626330633131353065626531366430656135313234
63383337343432613863623965333236326161316435396265356537643130346266326662396537
39343162633433316137366136373739343865666365366237346434653634366136373231653132
64636230616630363133663439653065356631336439333963363931393261346330633638636365
66386332323634306238646539356432353866316132393435626638386662616562393662656132
35363165623135373266313935663564366361326238333166383633663934373463626138313966
64333565363734666431633565633063303232313062613962363137663562653832633636613161
64633463366334396637313939623161633332343866626439313465346337303662656664353338
62663466376564336234363033396635323630333332363262303531353765366162303038383837
30383164636564343033313937323539323965336637323265346361393935636664323731383435
35333036366265376131616662333462393462336130633034303066333064636366316132393064
64376461643230353662386666366537366239323231376464616431666365373166663362613939
31336437643864363566353931646130313664303637353036316136623961656665353566313632
32653537626563356338383465633261376666366137633031323936346336663730383136616161
32383035336431623265363031303965666364636464643664376463393631393462316665623335
65323161616163376535353636633634313631303538663132353734626661393334316466366362
63313539326634383064623939393236656365363562623363373832343134373135326338626637
34363661636564613936613236333935303532623535643166306463653236623663306262616536
66373330333964356466323231656133343435636232333738633437363431316234393531366266
30373063363633313230316132356365326462623933353234623933386339323231643439613638
61313632633061373534356561386535626534666561633239366535356262633530353730323239
65613634616132323035333861376634633566643364366235373336643134333736613262643966
34663461396335666163616331326434366631313464363839656336636662663764386235666663
32323937333232326132323863353961633766646639626634363231626665306634326265663638
63383764343463643038373436386538366262646565383965343930303163626366623734373666
34656237313332303430396632646539646666343632626365393263336563333136313033343936
31313838326362356530346662373865343661393538343961653035656261346634663930326163
63333935383761333631666563663430336263653062666665313931663862663238663132353765
64303962323566353434376634643630303739393036326634626665376334373561356261613233
63376338633938366132343431366236303666646663363335333331623731623134323230633937
36623965306665663366626532373164613637623331663266646433333061386630356632613930
35383536626333356636626631363932613631313831353366303762643064306437623064653531
31366661396265393030666333396462633765323431366534313539666133333932313665623837
63323266643166393235636333633262363831633831393236626263656566616531616664323433
39656264393931323837643164666636656262323430316236366338626333303565316537393535
61346265653136383038636136326632353431636261656365396230323138636537633532613337
35626266366636633733303736373165316332643364306633353736353437333930383363663735
32646338643937666431633337353738316462363539666535316134376361386563373732613133
34323761653139643934356637353033633938336334643966353764303638376432306235373638
62653730353265623732613237396666376161386634333565626630303539346164646430653766
63653431313936346165653636316339633262613065613834663264363537373130646332393537
35616164623863396331346637343261626637373062346262633030373066656466623064366264
37316434396566353936333364313065356365316431393935626665303462633632636235363633
32363433663131333565353865666135353239633732303663333061373736386161373462623266
33363836633236303563653762393530316161376336373761653663396332313235663962326366
33653335326166353061373639363336636131653938663961633832646538666334396234666430
31336331363033633831663164653563363063356237343537373439663761396561323731613531
66386331613463303463663961353031626230366462633361313662633836633561323931313536
33633762643232623636386364316139663132373739303030313536643939333438613131663465
32353036366432363736313265383238616565396335616265396661333436616262613161613738
61393366376337383038386633333033663365306232633462353531366537313762646163613264
32323738323063376338306431346138373665343231386339383232356635343135626233323235
32633835396562653862636432646231356537663130336365613361353230396163313862333063
33633538643836653762313064393832356665646234333932323337616661623137356364396432
65376539376263363864373638393966343137336538316532333136633465323538336330646431
39656533366662636663393533343062346538366336323132333662303434343239353933396131
37356636313832393630373835336464613935663461646563306130383035643039633735636365
65616362626434636138396262653130363830326638656134656262333965373932323761643837
30393264656532373538666166383635616262623731646537616430306230663637393264616337
38393133393130383932303338663335663330313439633630353834396362376433616538336661
63323030303466323363346435356136383061313162613130646530323964646538666330363739
33333461616236623466346333383533323233363436663637356565386639376133343462306234
62326437333937353661336664656130356135333333323839313561306563353439623963333034
64353933636533633765383339326638633066316336633331646439373134626539643164306663
63643063633136393663343030643930383937333166323262396131633130393363613633613866
33306166366633633863343535366234303561333934306339323163376633326237333031313037
63666366306138653935653938613535643135366564343065623632616536333438303537643731
31663930303432316466666432363431663937343263663863373664336434626166316335343165
61393166366334613363363634353339333465316538353266666363666431306337376261616134
36316162633133316137316362393362633836333232306632343036396239383838323832613531
61623766333536666535353832366437323732663632313665326561356165653865393863326636
61653763313466663336323939393033353431313532393838663563663664666365343834626230
65373332653463636261613664383832373132616137383635306265316434386638393130336361
38633864323434303161336638333061363334326362663339623161303664613933353761323636
31313233666532663337633035366563623732333035393066626337616263323862313032326432
30616664626465396635316137386465653432343965616231313137643132313631393166353638
65383630376664613739636637373261656230623232386334343533623461376163346130663236
39623862663136306165633233376236383161663365333734646434353362383066316430643134
31363839373438306633616631653238613732626434353938336634653838643939396636303463
31393434616239643736333339663636646635336234386666626239653731623135636336333966
62333032393661343737636436653330386231396136663435613933343335633962313239323537
38663733626164353061383239393061613736633936306366366463656563663732646230666662
37636239613934373466336261386266653034636631643666373066336530643637333832613732
39633333363262666139353366313432333736643939333161393461633432316433633264333833
36333230373364643161643261316165396166656333636536343134363663366439333035313131
34373434313833333630633662313939643162343437653737333163383733623632353564353462
35376636393961383431316263313363356664363736356363616136313736656435336232613330
62363665343766656565303663613533396230326131626433316430323630313263353363303361
63326435656438303439656366646364306363383438353635373936656636333063366562376535
36623861316363393565333766323065636266343038623264353266363932306638663937633563
38653935663631653530633661376334653966643036336431306139636263623234316434306436
35313463636662626466663639393161306563363336303966346531356237656238343138353362
63363662366139306266656434313437656134613637663534373330613064333561633732616635
33613665313735633465373865336130336536356232356231613635653339613438616663306262
32613738353131333565333336616262616331653532353831393732653237373463326335626438
30383734323166656538653335393338646264306535653565306332313537336534396264356131
32363263336334643839656533313362653238366532313032373064373163343864343432313038
63626130303861633437383930326633636535306233373138336439613963633435303165346433
65306461653333393832623333366336313933383063663034623462633261313134616334353766
38613935323135303763316530306265346166626531386261323337646664656534663232633964
63393033613139313436343836653236366163653666333963333130633064633134363635323334
30366231373861333436666463346463663037383330643665323332626138326563383238316230
64643064653734376234343862376261393062636261636563333335333237666433323939323338
34313364643861316263643061646362393839316661396433613262626534376231313838666366
65636262653936643838386539303232656639653166386334326131363761646162323562646463
36653033316563663932346361383066323336636366326132326663653466336538643738343663
65616434616164633035303839663332633938626434366435623766313432396333633037663039
65623234386165343636626131633739303135363964366536643132643538393366653865363566
30646334386333356333336339623661303733353265653866656537306464343663646532363361
64613962626162323465616665313839313565636330313364656637386133636230386566333761
35646331393134386531636238643162323332393237373763663738346366366531323437346430
62643633626633663438656137363733653235613063386131636661336335633731653265333038
31303865353665643436623635623364343233303432303639366434346133383366656238666632
63616132396335386637636535346436383737373335656232323132306538393432666234313233
65623439363062623335346665356537666361613637343361336161306338316664383365323266
30366561333937613032363839373965663261613464306536373366633232356432393432386435
35323963316539366236333461616133316435393239313830316465613536666166386639356130
34393337383138646333373539373165636532303264323663653938383232323036373336666239
61366461363563366335313639656435313939626232613236323461336663366430383366666136
39663237633734376138313038653836303336393932386465343237336339323936313637373463
36363262326462653838353832343463303762623530626131633461346130623365393066303538
61336363376438333863386365666434376565353961653166383638653061323763333136663632
35663563626537353034613261383666336165393861353738393761613730393233643931646532
37663037653830376665356461356166323732396363373134636662323634376138383732343362
37386130303736363734376561323561313366656166356433616163393336656461343436383663
63346565663935656239656662366465383339323838663566303132613137386365383439353861
62653565336166613865343833633430333266643339613164386432353463313330393264613462
30613765623732343263656162373930633564666130333132303064353033623461666264393038
36346163663062366334306561353630643831363936653462656261363365363234393262326461
30666335373939623137353234326235336539626435316363663061366362613064636462636161
32666639363461323865333634663063343534633333356163356436633138623134643863343466
31653231383930333161393464386465653762613962633733623236366333383236376632623539
64353731663631376662343165373136363033333535373666613366623034306232366263393835
61656561313136333539323236646137393732616339326337623762326331623039643430646537
66396130366432373562326362656566626239373634303335646365373162366537666635623136
30373731303864346264343664343266373430626635303530396562306334363739326234653862
33333730623331643964393131383164626561343734333933366165353865653031303238376339
36643961363164313466303361353363353935616330343437366362353536653335623137396534
62663739343839373130623061393665616566326166663639303235616433343162356532633837
66323565323939393530313166396238666436373636383864623531393733643137306365343639
33373666356534376436343361306237343261336365353331643164386162613131633861623130
35333464383538363839383038396135363863363733326633346662623431333132333766306334
66656234663366393862623539663730616565366564353761366564363566333166653931343131
39343539353366633238376563333462343031326361666665636235396235386362663662346666
39636130613964303533353233313631393364383531303264633862656334393962613562343236
66386166306161333465623034656264346365323934346665313166336431346265333538643864
32633430616433616661636164396231633732386437383136613038383430393232366361376430
61346537376339373663666533613061386130343630316264326339333232333865386438623661
35306166343966313330616561663163653661613066316361336337393234343564373764363536
35376338396465613263
