$ANSIBLE_VAULT;1.1;AES256
65303037386462303062303864393535643835376432653737383665343532346533373635316632
6436343239383433653863333662656661373339353734650a313631326134376363333433306264
66383838313535623139636237383063376162343962343861616161303131653437613762356634
3138666532626264320a633537656439656232326265666232626137633539333838333534643063
63633761633965383061376262666239666532353861393530663532653738353365366561343536
30313037356561323638366163373039656366376234336662643437376338306366386531383662
32373164313132306339386533663030383534393865656634373565313462653135316135316662
34386434323835643631373835373364363463373839326136393633643938366434396630323539
32383465346539376263306564663539313638396461626638303137343633353233633331656363
32383734353065663364633434633134383237653735616430346431306632346632353534346234
31303361366562623464383138313361363563306564336465666664653236653765306332376336
63333835356530323364363164663632306661633430346536656664643062386465333562653462
38383862616538376331363634356236343131363935346634383236363763323837386264333731
37373361666332663163393032393738626235666262666533366661666534326464326666626162
66306639613964623134653335643032396335333635376635303232333533373666633238393966
35356663653131316235336161646132303037353432633534643438313863616534383063336135
63336366376238646264396336353264626364623337313533663438306664373037373362303139
62633035613232656632636161623533626666666533333431303837326434356132653535383236
38353434613364643266323933333939613034323666643938353563323430666335656565356663
64653862633330323862313761373265666461383637653462626462636339393533663036306238
39333239386635663464323730666361346534643161353637383562393837326336303162313063
38323136356331383733353935306366356262303763313539623239333932383837613039643736
30656564333232366434353736376430333930626563333433346132333263326338646561656561
65653266656562613831666435633932383463333537653564623964343463653666383931393462
61646131626431353639316665306539626166633937396433393939353665333832303237643261
62383130626439366165613466313564396664336266356266303436303437643166333535366636
32323761343663306565663537666165636236323538306561643439373335376334663137316135
63646331346639393061376264613538633434383630313631653538363139356363333161616364
62313263616632636538643362396536366363363933633065383131383737323463656364323030
61313332323162626434653939316434366230316437653533623336633832663836623765376133
34393730326531303065323763633630333366363461326565643962303736386565343539643935
38393866383666636336626338623935373763383363663166626334393665643236336566323638
65373662376462376436346564363562646238623238336131356164646231346665356162306335
37643736316231336331343563363936383938663639643634643638343961626365333165663363
66653634666531323534326435383538306431623636373331633331323431633138383462646338
66643739333831646636316661646532346264663365353533633365633465336533333038663530
30666533623364323931353363396135303330303432353133366130383733336634353561323866
66666361366237316134663234386339306637623836353038626532303136313261623136613661
30373232653430306266623839313464626564623065346538616332313261363135393062353238
32666235303761653734306264383038323232383665373166333036386562363262313536646461
34623665306239383463613265343133626430303565626631303133643766373138383434643534
63643163326331643032313564373466336566303463633065346533313431393539653664666161
62656665303665373663306263643037386534343963633839386535663039633035663332653430
64303762663733646162376362663866326231336664653430626136663061613939303130653938
35633035626662396363613232646166663036316231303034323061386330656434333833616636
38356262386334656265326361643733353837626162383764346263633638313035376661633765
66653230663835333434343035333831303732616535356335626365333032326131336563383033
39343539613532376539343931306632663036623333326638396633366336666661366461393530
30306538393065643861373065656565633433326630616162326231623935343233666439363261
62633330633238626563306264646131373766356135653266663166633138393239643934326364
38663164383336393638316431393538393137363234613934313531393439336435646661616138
32393164313430306462303137323932366436643464313030376661303933613235653761643434
65336635396335613166373466663764363963383935663861626431383736303136353635353564
65316533623639333333363661386530653564623363633739633439353861326231356134643761
61636234383238366162343339386135306430373665393236623864356439303634623765376131
36643332363635363030663535323230623336633133303934316234343834353530313638303830
30363366633839623935616134646565393666386666626330363961613138303536383566653563
35666338366661346662616538363763616530343939613161633232616261366336343262313938
63623431623337636138333261623364346430393834356434393333353635313935656433363339
39646464623633633763376464366630623539343137633732623265393736623961643562613066
30336435623365623464623062636234646663376365646636373435643933656233386565616237
35626262653538613939636635333361613965643235653138613331656333663435393464633330
65323263343866636134646161353030303465646639356237633138363439636637623539326336
33386236343439323366343032666639396164393363663465343538306232353565383835623064
63343661383663336165383831356462616231666435623762366236333132313839313862393562
30306439633333616235386566626561323039393833613762623238643930636337636130656664
31383432393466323131346438303033636236373061333733653462356534653130346565663634
37383832306262626565653338326338303761393261376463383633316533383662366563613030
39373334376537343463613139313163653035616533313561306630633365336431373234323137
65663936336264646465666161633931346337333832336339316139633265623232663164376262
30396433303830666364313865383530363063366331386664346332636535646433323737616335
61633537663534336439666161643934313665323536323761656537643063646264353337383663
33356232396239646635363763383333373061383932666138363437346630626366383231393630
66323830373430303035346238633433343839623261376566316536336639303362326132616164
65636137393533353430366234623835663235383035393031353530333765356365383665393233
33333137666335636439353737613732643166383466353430356465336565363837643730633135
64626261373266613663383735346464386239363735623732353933323230623833383663663838
63336538643964323434323934333363373638326333343763313437333130316364313261636332
37363139336264633939373465323930353461376563303030613436626366373135643461623235
65663834396162373831363861646462333636373965396239323032333238643362373564653130
66333235393337333262613261373132616632316666633936343238323435393039303662303962
62666161643839333336623161356635326535333361643437616631303231303736353833356230
65616538636134353665346637373538393538633130613362313031393735363463633266356638
34643736343738303032366464656131323737613766353634663738656466326533363638626432
65633965646430656239663731653732663966643835366335343763383131653866396630646163
36646661316462633036313130303936643232383336626566303139663138303736346666616363
32346430373139623366363831353038343932623165656666656537323462323637303465613164
35613366613035306661613335393164343839633833656338333538376561303162343537366238
36663961313064363431663362336639666263373139326637616335356630616363363631363330
35633866386334386162313763353037316634366366653663663632393137646465356663353135
32356164636130303636353031323837613262366663363464346239663363623265633164616566
31646663373430616561643262383463363730653836626436393939646463396432663865333938
38363165333866383938313030333266303437396365316133366637396636316563393634636364
32333337663331356130353463323139393933306236333266376637323761353437383532393936
65396133363039333639656662656230326161336161373765623238376164383062616338336530
31633465353431613764343562383931326264303463333766326663623835633662393539386430
32633638303164353436626237323530313462316165623035343765353664356232633938373039
33393563353362373065303735613939663961306366653632393130373033636431316561653835
37373535646133373331376162663731333036366363353536636264383262343465636566333364
35353435393831363236633334303635303837313638653161346431313732396465373562353731
36333130356333316261356236396538306537616533643837623936366636616566643534396239
34613933346362333361663833623662656563663832356539303932663263656539353634366661
64323135613833313933363362373335333564663930356231366164313133643961333464636539
38363765396439653162323664643433656134363561326564356133333364346531393537373635
64363835393365326230343062306233346235353033303737373166353463393435353634383965
35343230643730663331616430326361393236666332353630363262393631646139666633666663
30306233653062646563313234316262393937323566623230393235393761313739663734306261
36383664626264393935643865616336363738383136623436396662666362663666636664383262
37303139303235376364373439666363366430383662386630623235653738333361323562366634
34626232306334663764356430393637326361633766363932373036353264623763356437313166
33326339366433383836333032383663396332363765626665666562663638666131616661303938
62393733663239346631303935303531313437326466393135396432386431333335623463326631
64383965356538613639353639353265316566613235353232626561666363633964343136393134
66333538666161393432383033656366646238346435316535643237636464616530646139383839
32636431636638303631643136353735343163303730616666386562646230366539386130373332
64636163616463306230313134393939306136643632383530656333333238646665306164646466
66663236643138373465346233656563663033383936303137613431356566356365323430373838
31376439313331323932316533613731313666366532336366646164663132643730646563393266
39623831373933643761613263333261656163616437333434393439326136323866616634646366
65623930616437356637373730393630386464336131643530653638653430353835333938643561
32326433653464366538316163383132393863613633363334386465666133313434306261383865
63376434656664646466363130616539326161316535373861663562636532363131653639653330
66616138313731616333393834646536306462616166386366666338393566373030656437316332
30386262323862353532633537623566656434323065636632666237363830386436613733626561
33393339643434623730363139353064663938336337316339363235346665356461343931346338
33633666383961633434616364616438626461376431343865353433363832323964323364356539
39623764623734306133643165353439663638636134643961393037363864663230313031323535
30393735353330643561386134336562333533336530346235633162343962316232343030663461
62376163643938623266656238393466653963303564346662393863326363613537653966333436
62326430393439636635353462656363316631316430616234313766333735386135626630323164
32346236363633663362393664343064316663386262333333393539393662333735303462316135
61363033303734616466333938346465643032323834663638626536666636663131376661366165
39613034323762323035363336306335653165363964346266626565633037303664663562326161
62303637656633663966643438636331316236336463646433646632323163623335373062633434
32363536353331356438336530313432663333376334323639353539346366663737373336336535
37323463373762303033616336363265666539316537626131343361393337393764653666663531
39343532313533663438636461353961313134373635356431303133363231663364613465363561
64613735383235613636383262306332643865316432653432346666303732613663353035393535
37323839376538633030313137656132663737623539313433336661373139343038393338323964
39313934346339326433383639376634613230363861333431316233313663393635623431383031
32343033366461313266326362316661323765663331623863343539616166616539636561393639
66343035653133323830383032313865323538646337373636623966663334646533366230383834
35376234653035336235643664393364663735393530363534633035646636663762623330393634
37643362616139623666316638303261343435386234666361616532633038626466396235393830
39376562313732363930346563666131396531366333613366643035646137623138303061303331
38313366386132383135393531306563653832396465376466396462666433366261313733366232
34383961346165373233633264373837663064613364623363613532643261623563343265306531
61356438353462663738643433653561666535366439356565383738386631636164313130366637
33633161333432303062623938356166323535346136373265646263393464346133666436646163
61656261613864323235303631383562653932323934663864376132336434393631383236626664
34336361336130353363373031323364666536383163613835343837373966616136393936323331
61353066343733326361623733343535363266643163303262623462643737336261396238396532
62383765613530373139613738306230346331343566313966653839313830313862636137663539
31333362383635643737663639313861326632656132623536363466353766356261393764356265
35636231303635666466383537653935386633323966373635353432653665336638366435613961
34616639633165393130333135623532343732636533626461366239633231653837373333393731
32613166623733643731373231366332333131343461323739303531323062633833373834646531
66336531633834363831353364616666386631366336386562323363666363316562663631313833
63633165326635663333326163653263376638366430303833373438356162383935373361656365
35303638623230623365383939306239383331323966343337386535323761653538643264316132
35663532636432303266626637323834383030336463336439316137353061656435353561363665
35626364613964356233386663643435326534623166373665343761623132626135663338386461
36663233633239386466393061633764663937633239363939366532333430626134353531363563
35333066643566393461656332363033323165336330366438326436663862373437346666346265
34656534393337633136633130663637326164656137393539313966643661316330646162383533
33653033616434323662646437336237356166613830656462643439656337666139306361396435
36633737313237633531363166366466363536353839613936666132323834626430313432313931
37623437323436383561626430353932663035346638333430303535396564306436363734613335
61313763326338336666343835643564353532623866333430653538303833343636616537363735
33363036653237306265623337653533656631653232633264333936643037316365323664326139
66363333643437316464306563663232643465613332653031613731393039663563333338633732
39376231663437383765376264383235663864333365613064613761386535353230386337353733
36643437313534663766636437353365653863313761333436643637386563633464386164373665
63663635643236353233353434313366616533616531373436623136343732383064333136646536
39333537353465303734623533643461626531626631386461303632376666393261366261396135
62333331633334623538343731343765326630323137626564386663653236353566346165393563
34323838666566393935643430636538643633366139646130633561323332393936366363646531
63323764363261643764616334646432376133343234313363373064313130303832623561353163
62636364313964303937306530343631306536336337323262356234616535396633316233316339
39356661363736376464396535313764376437326165393461386563393862323339666436663731
66383738616331386630323561373237373233306437353963336233323738363861393636313163
63636534323132643931386631626438666634376238306139663636643165643566666266313735
35353766613938313638313537646238386133356161303839303738343166353636386262653865
36326239393465343962373133366230666365336166643937383362653035633862663133303263
32386635626161386262643365363334353330366137333232366664363837303630383565646439
31303733356565656234393262663036666131306339653733383766333733393636316333336532
34366331353336366166666161343830623430656265643965653834306164376239623839363238
64666566376232323138656163366564633862633865613061613531313730393732363862333563
38386264376166393863356661306236663931353664633238396436326630666563363736643030
30623931663263383365363936343065373666646566663838356161366266316463663261313239
61323936373233326537303835316133663730386635653362653437376133386264653937373461
66326262343363646136316537656364303839393434383836373662353836663539373761666666
31656564613031366132383734356335333063336462346462663366323431353238326533653931
65643638633538353033343763646264356339636439323037333932636365646164346463363961
34306165356332346164303036363334393437356230376134353565623766373936656539383865
34636438316632613537393939363030623464313739616436356534613034666166626530656633
38396161393763643261363361646331376663633438373663313232316333383935336337346230
36356261633065636266613036663938373762306431646632373362663165306630333034666563
61663431643362396534383464383039363331623462396166333135623863373736656439343166
39333431616466366436613361623462373865343934326465383565643266336337653762303533
35386466393230623232626639633265373530383331623961326165383735313637326237383434
36336537323437353531333166336237626662343837393035353536386135613264613163366139
62396631393462323064653061663964633632386263623762343465373734386662366334633534
34383361326236363138323632363935653633663035346330643536666330386531346366313230
31306462633464346563373739386635303762356433343134613962313663326634393330313030
34633766613661303363346232636638303235363463313635326131326436656363646236313934
35663562613663623336356638306236363231666565663665646136613562663839666566666666
38336235396331333036373935313135646165353066666130653732653461316439386330623233
65633533643034643362666132373335356436303730303231383264383930363466393534326136
32343935643031303235666236383439393433663265646235643436613435323566626132336634
33613930663232623663366630626166643164346361656363343066373138393434363539386539
65323535653830393064376139636561303132373464383434366139363137636630323930346533
64626465303836303137366136343062653666643661396566383366363261366138613964373933
34343734366431323333376562313338333536653164613734643833313136343832363761376262
62333063313063626665306632313730306438653038313861383963613530666234643862356262
61313762356231623965306436323932663463336435373831343464343663356162396130663930
61373061376238643234343939313931376331633663366135373834613130643766386637663631
30366230303337643063646634373338633330363465373865306239373237343631333932363233
65313261313839336536366238643230363830396331626133333330616263313434376566343065
30616363303634306466386430386666363339363336366438333563386135656333643031323939
37346231653136373639613762613239333335613537616335646537616230663734366338613461
66373462663664376231396530343638623935376437323032393031343230343566396431303035
36623637616265656461373763306530306332333739616439306634653232353637663935346366
36653764393738663431376364393464386530323131343833366161376634383161393431353430
33393763396439663639393465376537396332633834313139623338323534376133343133393164
37633365353364613134323061366337393936393361663436363661646133653131316661353530
396565366463613935353163633266343336
