$ANSIBLE_VAULT;1.1;AES256
61316439346232316435323835316233323032613036363134623037616132636333643531616663
3237336138643038616531326262633632646363393566340a636333316163353464386338316265
36393338363338306230633132353461303661613430616234633532383237353063343637666336
3465613334343032340a656539356336396166633861386563353530313238643730376132613830
32633839343337393632373937373034623036333631353438346633323864613136393635336661
36303766393161653833373161663938623238323663363133323036316365343164623761613962
33646262646538346638336536646566396163303431346334383064393562666139383262636365
66323934633834333638323265653566396666636536636665326530346365366164643763373731
38646563363737636666383937623131613231653332376266643563666366663938323638393531
36613438343530623365666636316634633231376138616635663036346661643034386434393339
30363235383562386431313233333834323532346232623934363135663334373237633262303339
30333331366433633238633439303836376332633064626663636162653534393934303663373136
36656330383461393262653134373366383632356139333162613631626133376538333632356433
63386537633734663562376633643566386661613034343739366265333561336461333264663239
66653066353163316635653536663763386365316562633731666537633466653638623739623636
32656162653262366463663433363861326663336136613261646133396263326533616430663838
38356337646166393734363763376362383361626662613331623961396634636631363938616438
66323732313633643766616262623334663663613564613666316637663932616366383039303034
38616461616532653639373061306166313931323836313236396238653030316437666430323961
65353863643838663138643061333266306561343539343863363832323966376164386132396539
32346365346365396231363464373033373762633466303030663737353936616361353065646131
34356233343532633561313132366130643164626437393336613765646631643533633061363865
31386232626162396338633238346164333338623233346530336535363035613533623332636463
34323965346230623462316466303262373833613463373266326630656362366533313461663231
35306430383730613630653534616135353264326238383838366337366464633365393638643866
36396563383733353333653935343630366532313434373761326630653030633837636232663562
32353536626432616366323961376231353061376332386132313634316362396233313261393063
64613163303366656132373366333164626265616635653931343261666231323162326330386538
34306261356634393731653863326232336361363862663334626334313136656436633037613962
63646332323864633236373234323034346263373032343534386464353135616563666532393365
64353366303065353533643032313861643564346265346134643564383231393661353563643166
62666261646330366165653865393537346231646636313564663834366466663635653266646366
39383665316661323763373835306365363363303436366533396138326337376663326234623861
62306165643332383765663965346134343462383565313732396338333464333135356564623233
32333832363432633662653061303736616165623530356630663665663463643763396137393330
64383332363165386563663963313263313435613165333762343166346361326637333862333065
39386638343135616164643261653930366335396332316236666139336235663762613639333461
38613836623835303935663135393936323532623135353136373732363361386635333031313561
63336533313664373436613937663465646333616464323863366234323431356366316666363164
64643830323539643362346532353837653764633536386334366464393432366332323834396366
64323735363431396432323936323565653038636531353534656536336561623562353738626435
31376335663739633130643536656233393736383036333733663065386261663534353334643338
31663139383133663533333333373633646330333837326661323639313837316665626266336666
33323163313466613066656234333463376138653564333163383430346135626636653730643863
65323836356233613463373035643432623034396338353438363735663033396263366232633963
36326533326362396233616263643237633836376364343233383961613664303931653534383263
63636639636138396335626435383961666238633938356531353036383137353065313031623163
35303235383838666464623934393166356139353464393935313263623833333163623964633135
30653462336238383634663233646565666533303536663961656636623766336434376230353039
35613339653032643163306133633164333332643034383366336236336233633530626333376261
62383363343039643163653562626533333462613763356562343366636463303738346536663163
61623332386335663239343337626362656235626561666533633464363162363966333134303030
37323566326235363633333039303633616138366536633232303366306130303665353965346263
34646665623434393631383563356464386531356662303438343263346266633931353639353263
35363730666539633863633566373563383139336439316635306366623639356634343731313935
33313539636262343336303139333136333864333030366464326234613831653363643861633737
36633038326234643635346263653964313030313239336566336635656234303430306336393332
63306566653730303739396136316164366365306462313231333531626535323633636633356465
66646636353537343735616338383238626636353436363162626338333363353632396337663864
31663061613534613462653839633365636436653066653563636236343339653636643835633563
39383638343563666230323262393033343037303837363664633732343434626561373363613835
61653736376363623937313565653764316137346132366435366430313638346363373133626163
38663136373431386337633039326533623139373935376235646430393062653831343931633863
64623230633366373361666538376261666132393262346337373764363633336631306630343536
36623936396437343632373632336339386539353433663139366166376334346666316534333134
65396134646463363662653737343962316537303630373936623236393436323636393163663534
38343331653033363966303766656535333662346632366666656635313663623533323466363234
32336434653936303937326436353466353861623835346134643238383239613739643364333432
61353461623332326130373339313131393766613766623232386636663433336164656666353735
31316532626635326363363737306639356436386231353939343033323538326338313133643263
66366361346531316137306265383632666637613266343833313736623836346462343037373739
64616461303538623031633961333063353461633736333830636263393336653836386230383438
38353430663363323930613564613266626562646230333035343961346161623230373739313134
31386136303634353534393131333938356462376638396638393239646361633937613730656131
32373234663162303363643033346665396262333939646335343831336331366138353433666162
35346135316531613938386139623539353738303631356131643737326334393862643533346536
37323361353866626538393637336165303230363436656365633038353733316635636363613633
38623232303436396562313466333062393963336639636564663936653138366539626230376436
36383431636231663631636466396233616166323062386161633236623161303634633931653865
66356338316164306234316664396663353265633235623565356532653531653862313466643165
33386462633731306630633637316638306430623966313262656363623731366662363466646563
39373163353861343431356435396163343839363866356637333264663333343338376437616330
34633131363635306464313264333338626333336130316539393936626436613436633461363266
32636664343437353136666233356161386561643139306634356434646161366130363130366637
65303764653464303432643761623339376235306462363262386134666439363236333262323465
62636366366334393462333732323661313939386264303265333063346333303738336566663466
33613766303664616662303965373061626533653230613131663036323061623536383937356637
34383131373264393731373633363633326531636663353261396635653631396635393937353636
31303539326531343839363931356133393836393238653366613165666330323433333063623761
63303564386165316466333863336336303234643930353334666334383665656434363432666264
66383163306164613631393361323062616366336433366233366562383930373263306231366630
64363266323831613938306161636530343730646664343262323766373033386533613136396339
34626639663436383535303732656439393835326331343364383036653435336665313433306238
62623463636539643661343636643531383437643737383463323665666230653463623033376434
61653864306332396362343333626437303662666266306362653639613033656666353733383037
63353431623662383462373233626132663031313064633761386463356530363335636537663434
66363063346531343130616161653566396532376638663639366139313139323962346435396533
33356237616232353233373962393063306464666138313164333836353237373435623531323064
65323635613733646335646330396137366166373133346632373665353638363532363436303535
35613264323565663564316433626639653065356335636137386661633633313261376364613435
64343237386232616539623934386265346132653137343535643935346134323039643733303138
38613738346264393363636662663137656361666332396238653161333039356633363231326632
37363031643134313061303761323362386437303864316537623632366138303734323633666664
63333732326264336630306536323233333734383035646464313531663831613266303233613135
33373234646136373234646664323339363134356366383137656535313538633839386437623739
32366563393339653538623766313231626632373263336266653863623132623131356632623464
30303530333034373538396663376361393034353765663034656661383737383939653162393539
32346531363430653333663231636236666165313262333432646565613761383835376634633864
31663330323665306536343264356533386430643937633335633766633362303338376138323430
36333135646665623962663638626265613265373362383338316230643330383763613062626135
37326334396565383934383463326237653034303139363563363962656437646439303061323637
35316237343135326536356132633731313264313961386539616534656636376139386132663736
39343762313464353161383264313264373833386236386261623833373635323137623536306662
31323439653666303734343836626138353662323861383164616464653031666366623836623637
64393135663231343164663539613762396539326364316531363833303364646233336364663638
36353464316339666434303933386465383435633630306366336331626661353633663563653334
37363764653861323730666461313363333733646231313132353361653531643165376633303039
64393431663566306234363338366337616366313564366565373166353764396135366533366535
34363933643330376566333338386165393066636630613632663331613337313766326638343866
31353337353236623330373736313330353530653339303436313963633131633764326439316631
32346366616630376639306439653733333463363561363733653939373530356239396339326333
36353363333830333166363337356633636539363763653935663061383665653565306563373961
39343337353338316363343864373937313232376531326531353366356237613132633933363435
36376636626337383938656562313839366466643862616339316366356333303731373866386636
39303836333235303730363466303263656536616237353966376436636637653738346664316163
36356637633465333837326561323265616433343466393439643635363630373961333238353865
38663661663265323831633333613162616631663938366663336662663736653665643330323436
63376162666535353930326565376236653765386234336162666337323338383134656634656336
39373134656636323931613632346461323264653939623439356538653064336639303766663266
37323362356536393739336462353764343030653764363061316164363134333737623537666630
62656265623630626638316261336633363331313136336537386665643562376238383538386335
37646635353733626263383262393039393763636130323539633939336635633664316264333162
35373534396432363336633037636436396132393162373937376132623736366136303330373637
37643732386638343035333230613939386566653336366461306338396338303866303261346533
34373337326131303365646638643538653262336565343361626339376333626661666238643732
30656539633633313634386663303266303738633638396635336261306162373039326162623037
66633061313637343137653134623332306130373231383639316139353034666439653838356130
32376232356163616264376339383438376336356232306565623130353465383133383161663065
35363963373036633639373466616533623538383361656431346439656337306633333531666139
61353565353634623937623764353162636530386534613166316530346333343935393066366637
31383338633530343237333131353130383035363436626438393033663136333237643931383038
65613330613164623865303563356133366338346639643336393033306136663238353432356630
64393638653061383231646565303137396663336436353034323537626566363034323832363737
32373563663566656564333933343634313963353664386364636538316263613033303566326364
62323031376562626139373064323532353462386431376665653936623366656231323332623563
66353531656537626635366435323233613934363865643563343063366430636438346131653633
62386361636365346366306661623566366438363966333437653064613935643264323562326130
34653033383933353065386666313734633333383339646536376261366234383363383133363638
37303030303030616433306230653833623634633062386364373961313966636162653632383538
61646333663837366562613637626138356361303239633030393335653762323963646262663437
39656164326162626166363434306436356165323666623433333138323333303637313931656632
61623735623234383765326661373864383133323736346632393531636661396665383664653738
62666531643637303530303364316465613331376563303264303139666634326433616239353533
33643933363462343263616666313736386337633338316435343234356638623835633932613431
61626131356565373565356536353665313134373937343031393433356262653032613738316264
35353864303734626434653832643934393862353231616362636333313563383065633766303262
30383366316266663461666662343135383735386261656539623862333632613539303134303230
63613438643139373134393931326230313230636263313035653538393330343232636430313735
65376539663132353161383361376333386436613039346361643234353138353261353663303464
39316266373366333730366362623035396533333938303236623636353963333366323434623633
33336661633730316633363038353662346435623866633038306434633839623230376539616536
62613536316632613730386335356331636363313236346265303331616263393739313363376531
33643066326331323635336161656630636630353230356464616338663930313630386639386164
65633463393234653438613839636264363138623036393236346264363539646438353165643762
37346562346432396266313437626432323661623566323339313633663339653637363531663437
62326336303933613861636532613934376533643466653537623238353632386231633835373966
64336335383839633561353531333965353834363563646566323437646432336436313663336339
38663231653330646664346532326234663561386633653461613463363433663134616166613631
38336636636132303666383339333261656361333438653433623836653939663065653335623433
36653236313438646362303661393239643866613232306665626634383866666535393164373331
34306634653333656336383532643466386363363536613066303963663464646233376435623831
33363235323938346365343637613533393962663366323139343032646266346435613066666263
36303336626562646233323931626234646634313437613235393630376634333166313962626532
64616337383861343635616533653062666237343662313932656465663633353435613366393338
64316461663032313666316433653033613463353734343039366633306661366563353437653838
63623861656232643366313831373339353139613663373663613837373662333036633436623333
36643237653164306661346432616339356563623164656236386262373461383535356330306463
64666435376430303931383935633333373130326535663631303661376661643030336530323538
63303161363665343662623536383630343236353633623330363438353635623063313333653137
34303932633233666163373939623761333637636566636230326163346232386661303732653361
36616364313235333533636138616662653938333637616233333633343434353233666430343264
33306665623130363433656564633536653765393131313761636364313966343266333039373430
64316239356131376135636631653431376636386138366363306564313461643637363836306162
63613366323366663361653938353738636539363065663761393230626636616261653431393834
37366661356535623765343938663765316335316336383665333235646233306336663735336131
64303063306163623230303232613165653933623138633165653336363264663661613462343861
34333335346138323631396331313432663036356166633066653861633336396162303263336430
64636332646566393335363062346462663837656232613736383161643931323637323833326634
36356235663337383764316263626466333639306130386435346662333335653033386336643230
65396538653333633161383038353236373138316535396530623639653566396535666165343530
38323532346337663062666433663964323235663962303130656335376431646535376261323831
31393835383235386334303537623132616231396462623661333164633338666565633339663264
30333435323763306136346463353231623634613634643536663737613230343764643530626130
38653137336232363631663766616631356263306136383863633138306336636639363766366464
61663531663236646432333839363132326632623263396439623366376335356136396366366263
38633566396162356236303165326162313530623862633530343632363836313263656238313833
35616131613961633036366662396238323238343139343137356632363931303163353566356337
61373438303335383931323761396334323535383932663065306236633135326332656138383632
64333838666536636666623936383132386139616361316335653937653331653839316136353663
66366632346165383762373861373639643433636232393666386134626630313536343037616337
33633164393761653861633235316533633563373461383530333031316236646339343965653338
37376364316236633839343731363931346338393036643634303535383830333433333965636335
38613933396138353134363761653739663562303830623534376561636536393934343231313039
61343537633964343962306136333562663232333062353734316266393333653263363863383864
33616539643264613230656462653166366261663137636238393435666263333765396562336262
31633539316164666337303431346431373165303263653864623537383133306530323764303630
37363464303233316138653663343363633461356462376263326133356239656363326235386530
34383830396635343663633936333030633838366636353266356339616436326334666335386335
37343135626561323439623066633232393334646362666230326130653239353231646233653237
37393632343530623834383934363865633961646537653165373435383631353339656638346664
65333762633362616537303461303765303138373039383532323766643930356266383133363533
30313932393031313234653537303465373566616530376161373430393864613234646433666635
62383835643363653830373034393435643632663630643836623832323532346430303338393464
32313936346162613338336537386165663765633936653531666461393539393361343130633364
62376439336335353636666561376532373361623537613739313864313366306662343462623831
31646266643339353362
